1.583265306122449
3.982222222222222
5.139274376417234
9.524263038548753
25.706031746031748
35.67646258503402
39.579569160997735
44.87700680272109
55.00272108843537
61.98249433106576
65.5188888888889
72.55113378684807
75.64097505668934
76.53678004535148
80.46891156462586
82.62850340136055
87.71074829931973
100.12804988662131
100.98938775510204
103.18938775510205
103.62022675736961
107.16895691609977
120.85349206349207
133.6384807256236
139.81417233560092
140.24571428571429
140.6772335600907
150.80696145124716
151.68544217687074
152.9812471655329
158.69321995464853
164.4142403628118
168.3878911564626
169.2532426303855
170.57977324263038
174.99292517006802
178.08528344671203
182.52090702947845
185.58208616780044
191.77297052154196
195.3402267573696
195.77816326530612
204.6443537414966
214.47868480725623
