32.32741496598639
33.33659863945578
37.229297052154195
46.666326530612245
60.955941043083904
70.20498866213151
77.53598639455782
83.47809523809524
103.32321995464852
114.39448979591836
123.74063492063492
125.7653514739229
130.88263038548752
139.17657596371882
165.04002267573696
169.16482993197278
175.42378684807255
198.16249433106577
199.21539682539682
208.65507936507936
230.74632653061224
242.2832426303855
248.6149886621315
250.67639455782313
256.93163265306123
268.84222222222223
280.20197278911564
