8.385104166666666
18.6320625
34.05316666666667
35.61025
37.12645833333333
38.6718125
39.68479166666667
43.304458333333336
51.03570833333333
53.0981875
58.25147916666667
58.7599375
70.558125
74.6806875
81.33364583333334
93.6754375
94.68535416666667
95.741
107.094875
110.688625
111.19727083333333
120.71552083333333
127.88664583333333
136.12185416666668
138.18245833333333
142.28
150.52629166666668
167.48725
173.61579166666667
182.32945833333332
186.98520833333333
191.07045833333333
208.82239583333333
211.3936875
221.17275
226.28277083333333
235.04054166666666
237.60058333333333
238.10716666666667
249.41385416666665
266.8444166666667
267.9021875
272.49195833333334
273.95989583333335
278.4097291666667
279.4455208333333
284.0670625
288.17020833333333
289.1859166666667
290.74170833333335
