6.2675833333333335
11.8728125
17.882291666666667
22.660395833333332
26.734541666666665
30.153604166666668
35.60191666666667
39.01989583333334
46.482
58.0278125
62.001625
63.70639583333333
71.5995
73.57977083333333
77.02283333333334
83.4428125
88.38097916666666
93.81208333333333
96.92539583333334
102.7135625
120.582375
123.9243125
131.85579166666668
132.34360416666667
132.83141666666666
138.83260416666667
146.48347916666665
148.91064583333332
158.14908333333332
162.51714583333333
172.21495833333333
179.48627083333332
180.93508333333332
184.332125
194.029625
197.91029166666667
209.88458333333332
211.33758333333333
211.82547916666667
