17.7915625
31.1068125
34.66710416666667
39.54825
40.857
44.38497916666667
49.671708333333335
53.18020833333333
56.267375
57.6269375
64.8260625
71.13895833333333
73.827
82.62147916666666
86.15516666666667
89.67277083333333
93.2139375
103.29389583333334
104.62560416666666
110.92233333333333
114.43125
115.86047916666666
118.95975
123.797625
129.56627083333333
137.59702083333335
141.171375
146.52095833333334
155.12235416666667
155.5590625
155.8456875
163.29722916666665
165.949125
170.3440625
171.65052083333333
176.5361875
185.41752083333333
185.9758125
188.17308333333332
191.3870625
196.23708333333335
196.6905
200.68141666666668
214.35616666666667
222.93164583333333
224.70720833333334
225.99204166666667
