7.715238095238095
10.781791383219955
23.93575963718821
25.77079365079365
26.845215419501134
31.674943310657596
32.689682539682536
38.419773242630384
39.840861678004536
48.97922902494331
57.61904761904762
60.712108843537415
64.16034013605442
65.88621315192744
71.01718820861679
75.02750566893424
80.50662131519275
81.25183673469388
81.89219954648526
82.26489795918367
83.38990929705216
86.02224489795918
87.19689342403628
87.95578231292517
88.70063492063493
91.37680272108844
92.52761904761904
95.54265306122448
96.2947619047619
111.84149659863945
127.32126984126984
129.03834467120183
130.34274376417233
133.760589569161
134.13197278911565
147.81929705215418
148.958820861678
149.33208616780044
153.19360544217687
154.31650793650795
157.65083900226756
158.02403628117915
162.54054421768708
185.9724263038549
186.34625850340137
198.26485260770974
201.3936507936508
202.48548752834466
206.10553287981858
206.5963038548753
209.10133786848073
