7.287020833333333
12.939
24.805083333333332
32.99404166666667
36.1581875
37.05308333333333
38.8773125
48.3675625
50.64366666666667
51.090270833333335
52.03725
56.56185416666667
61.14154166666667
63.34425
66.12927083333334
72.93679166666666
75.6875
76.1364375
82.980125
83.42870833333333
93.87702083333333
114.91475
115.36445833333333
119.46404166666666
120.4096875
120.85814583333334
126.76702083333333
136.8350625
140.48070833333333
147.3254375
150.03452083333335
150.4945
156.01947916666666
169.55216666666666
170.44989583333333
170.89875
172.53020833333332
176.5991875
182.10960416666666
183.47916666666666
189.93541666666667
193.15983333333332
195.93497916666666
201.896625
205.54810416666666
212.38289583333332
214.2485
218.79233333333335
222.04872916666667
227.04825
228.39320833333332
233.77177083333333
238.906625
