1.5382993197278911
4.658412698412699
7.406666666666666
18.576054421768706
20.241133786848074
32.52122448979592
34.79802721088436
48.886213151927436
51.73437641723356
63.8943537414966
68.56362811791384
70.12140589569161
70.88512471655329
74.7702947845805
78.63521541950114
81.40024943310658
82.1915873015873
96.61773242630386
102.06510204081633
107.52748299319728
112.16498866213152
112.90068027210884
122.18176870748299
135.55684807256236
143.91850340136054
144.69485260770975
148.3598185941043
159.3436507936508
160.0821088435374
162.50149659863945
176.68886621315193
179.58208616780044
189.34249433106575
200.94995464852607
205.57172335600907
207.3734240362812
212.64253968253968
