8.76498866213152
28.53358276643991
28.939342403628117
30.590272108843536
40.13961451247165
41.232675736961454
52.9678231292517
59.590272108843536
65.66725623582767
69.48083900226757
71.12430839002268
84.41519274376417
87.75383219954648
89.94977324263039
112.05045351473923
127.5098185941043
129.1519501133787
135.77893424036282
140.1371655328798
141.1935827664399
143.46798185941043
144.00219954648526
153.22551020408164
153.77170068027212
163.38818594104308
167.7825396825397
169.45798185941044
171.66741496598638
172.77671201814059
181.60943310657598
190.88392290249433
194.06730158730159
198.7595238095238
199.86936507936508
202.09274376417233
208.14433106575964
214.2152380952381
220.30226757369616
220.84956916099773
222.51190476190476
223.0724716553288
225.2665986394558
230.75662131519275
243.42698412698414
244.5345804988662
248.4675283446712
