8.891270833333333
26.43525
30.487875
31.25979166666667
49.69960416666667
70.6690625
83.13608333333333
87.56641666666667
108.11864583333333
108.890625
111.28570833333333
116.10622916666667
125.46447916666666
127.69804166666667
143.33610416666667
146.5325
148.51927083333334
155.76025
165.88697916666666
187.13735416666665
188.78808333333333
194.271625
204.1761875
208.027625
208.79933333333332
210.40995833333332
213.6015
238.35922916666667
270.1438125
276.0498125
287.6054375
300.8652083333333
320.6383125
327.25175
329.6615208333333
