1.5940589569160997
1.7276643990929705
1.8612698412698412
1.994875283446712
2.1284807256235827
2.2620861678004536
2.3956916099773244
2.529297052154195
2.6629024943310657
2.7965079365079366
2.930113378684807
3.2860544217687075
3.6078231292517007
3.929591836734694
4.251360544217687
4.797505668934241
5.161519274376417
5.525555555555556
5.889569160997732
6.325668934240363
6.791519274376418
7.25734693877551
7.786281179138322
8.1781179138322
8.569931972789115
9.46655328798186
10.138866213151928
11.004716553287983
11.695215419501134
12.561428571428571
13.251950113378685
14.007936507936508
14.698480725623583
15.388639455782313
16.079115646258504
16.77308390022676
17.46358276643991
18.1481179138322
18.83859410430839
19.530158730158732
20.22020408163265
20.910680272108845
21.600839002267573
22.29827664399093
22.98857142857143
23.678843537414966
24.374195011337868
25.064625850340136
25.750566893424036
26.441088435374148
27.135374149659864
27.825691609977323
28.515918367346938
29.206145124716553
29.83984126984127
30.18374149659864
30.527619047619048
30.871496598639457
31.216009070294785
31.559886621315194
31.903764172335602
32.24764172335601
32.59151927437642
32.93403628117914
33.27789115646259
33.621746031746035
33.96562358276644
34.30814058956916
34.65136054421769
34.99458049886621
35.33780045351474
35.682585034013606
36.02684807256236
36.37111111111111
36.715374149659866
37.059659863945576
37.40795918367347
37.75154195011338
38.095124716553286
38.43868480725624
38.7781179138322
39.121746031746035
39.465374149659866
39.80902494331066
40.155351473922906
40.49902494331066
40.84269841269841
41.18637188208617
41.53002267573696
41.87471655328798
42.21850340136054
42.56226757369615
42.90605442176871
43.24798185941043
43.591859410430835
43.935759637188205
44.279659863945575
44.620816326530615
44.96433106575964
45.30784580498866
45.65136054421769
45.99487528344671
46.33342403628118
46.676916099773244
47.02040816326531
47.36392290249433
47.706485260770975
48.050045351473926
48.393628117913835
48.73718820861678
49.08299319727891
49.42662131519274
49.770272108843535
50.11390022675737
50.45755102040816
50.80548752834467
51.149319727891154
51.49312925170068
51.836938775510205
52.18492063492064
52.528843537414964
52.8727664399093
53.216689342403626
53.56226757369615
53.90603174603174
54.24977324263038
54.593537414965986
54.937278911564626
55.27961451247165
55.62331065759637
55.96702947845805
56.31072562358277
56.75265306122449
57.11455782312925
57.47643990929705
57.83832199546485
58.19920634920635
58.56090702947846
58.922607709750565
59.28430839002267
59.63963718820862
60.00138321995465
60.36310657596372
60.72482993197279
61.08310657596372
61.44455782312925
61.806009070294785
62.16746031746032
62.53233560090703
62.89433106575964
63.25632653061224
63.618321995464854
63.98460317460317
64.34666666666666
64.70870748299319
65.07077097505669
65.43727891156463
65.79902494331066
66.16077097505669
66.52249433106576
66.88394557823129
67.24569160997733
67.6074149659864
67.96916099773243
68.33090702947845
68.6947619047619
69.05657596371883
69.41836734693878
69.78018140589569
70.14006802721089
70.50192743764173
70.86378684807256
71.2256462585034
71.58818594104308
71.95009070294785
72.31197278911564
72.67385487528345
73.03034013605442
73.39213151927437
73.75392290249434
74.11573696145125
74.47263038548753
74.83442176870749
75.19621315192744
75.55798185941043
75.92426303854876
76.28598639455782
76.64773242630386
77.00947845804988
77.37267573696145
77.7346485260771
78.0966439909297
78.45861678004535
78.82249433106576
79.18424036281179
79.54598639455783
79.9077097505669
80.26614512471656
80.62791383219955
80.98968253968253
81.35145124716553
81.71321995464852
82.07301587301588
82.4350566893424
82.79707482993197
83.1591156462585
83.51360544217687
83.87471655328798
84.23580498866212
84.59689342403628
84.96244897959184
85.32444444444444
85.68643990929705
86.04843537414966
86.41092970521542
86.77242630385487
87.13394557823129
87.49546485260771
87.8528798185941
88.2143537414966
88.5758276643991
88.93732426303855
89.30274376417233
89.66417233560091
90.02560090702949
90.38702947845805
90.74732426303855
91.10902494331066
91.47072562358277
91.83242630385487
92.19514739229025
92.55689342403628
92.91861678004535
93.28036281179138
93.64471655328798
94.00657596371882
94.3684126984127
94.73024943310658
95.09208616780046
95.45426303854876
95.81614512471656
96.17802721088435
96.53988662131519
96.90190476190476
97.26374149659864
97.62555555555555
97.98736961451247
98.3471201814059
98.70884353741496
99.07056689342403
99.43229024943311
99.79022675736961
100.15176870748299
100.51331065759638
100.87485260770976
101.23591836734694
101.59698412698413
101.95804988662131
102.31911564625851
102.67727891156463
103.0382993197279
103.39931972789115
103.76031746031747
104.11832199546485
104.47925170068027
104.84018140589569
105.20111111111112
105.56412698412699
105.92519274376417
106.2862358276644
106.64730158730158
107.01002267573696
107.37142857142857
107.73281179138321
108.09421768707483
108.45560090702948
108.81589569160998
109.17732426303854
109.53877551020408
109.90020408163265
110.26013605442176
110.62165532879818
110.9831746031746
111.34469387755102
111.70585034013605
112.06730158730159
112.42875283446712
112.79020408163265
113.15285714285714
113.5141723356009
113.87551020408164
114.2368253968254
114.601179138322
114.96222222222222
115.32326530612245
115.68430839002268
116.05006802721088
116.41201814058957
116.77394557823129
117.13589569160997
117.49893424036281
117.86045351473923
118.22199546485261
118.58351473922903
118.9442403628118
119.30607709750566
119.66789115646259
120.02972789115647
120.39321995464853
120.75492063492064
121.11662131519275
121.47832199546485
121.84002267573696
122.2021768707483
122.56374149659864
122.92532879818594
123.28691609977324
123.64759637188209
124.00922902494331
124.37086167800453
124.73249433106577
125.09560090702948
125.45721088435374
125.81884353741496
126.18045351473923
126.54430839002268
126.90573696145125
127.26714285714286
127.62857142857143
127.99274376417233
128.354126984127
128.71551020408162
129.0768707482993
129.43857142857144
129.80004535147393
130.16151927437642
130.5229931972789
130.88786848072561
131.24938775510205
131.61090702947845
131.9724263038549
132.33446712018142
132.69607709750568
133.0577097505669
133.41931972789115
133.78267573696147
134.1442857142857
134.50589569160996
134.86750566893423
135.2291156462585
135.58816326530612
135.9497505668934
136.31133786848073
136.67292517006803
137.03274376417232
137.39439909297053
137.75603174603174
138.11766439909297
138.48231292517008
138.8440589569161
139.20580498866212
139.56755102040816
139.9301133786848
140.2918820861678
140.6536507936508
141.01544217687075
141.3772335600907
141.73861678004536
142.09997732426305
142.46136054421768
142.82895691609977
143.19117913832198
143.55337868480726
143.91557823129253
144.27777777777777
144.6388662131519
144.99995464852609
145.36104308390023
145.72467120181406
146.08573696145126
146.44680272108843
146.80786848072563
147.16578231292516
147.5268253968254
147.88786848072561
148.24891156462584
148.6085941043084
148.96965986394557
149.33072562358277
149.6918140589569
150.0528798185941
150.4192970521542
150.78045351473924
151.14160997732426
151.50278911564627
151.86074829931974
152.22215419501134
152.58356009070295
152.94496598639455
153.31052154195012
153.67201814058956
154.03351473922902
154.39501133786848
154.75630385487528
155.1177097505669
155.4791156462585
155.84054421768707
156.2014058956916
156.56285714285715
156.9242857142857
157.28571428571428
157.64839002267573
158.00984126984127
158.3712925170068
158.73274376417234
159.09337868480725
159.4548752834467
159.81639455782312
160.17789115646258
160.54337868480727
160.90501133786847
161.2666439909297
161.62827664399094
161.98802721088435
162.34952380952382
162.71102040816328
163.07253968253968
163.43403628117915
163.79210884353742
164.153537414966
164.5149433106576
164.87637188208618
165.24335600907028
165.60496598639455
165.9665759637188
166.32820861678005
166.69090702947847
167.05258503401362
167.4142857142857
167.77596371882086
168.13954648526078
168.50120181405896
168.8628344671202
169.22448979591837
169.58814058956915
169.94950113378684
170.31086167800453
170.67222222222222
171.03551020408165
171.39696145124717
171.75839002267574
172.11981859410432
172.4830612244898
172.84462585034012
173.20621315192744
173.5677777777778
173.92780045351475
174.28936507936507
174.65092970521542
175.01249433106577
175.37192743764172
175.73349206349206
176.0950566893424
176.45662131519273
176.81818594104308
177.17791383219955
177.53936507936507
177.90081632653062
178.2622448979592
178.62607709750566
178.98750566893423
179.3489342403628
179.71036281179138
180.07106575963718
180.43242630385487
180.79378684807256
181.15514739229025
181.51637188208616
181.87766439909296
182.23895691609977
182.60024943310657
182.9619954648526
183.32333333333332
183.68467120181407
184.0460090702948
184.40968253968254
184.7711111111111
185.13251700680271
185.4939455782313
185.85496598639455
186.21637188208618
186.57777777777778
186.9391836734694
187.300589569161
187.66204081632654
188.0234693877551
188.38492063492063
188.7510430839002
189.1124716553288
189.47390022675737
189.83532879818594
190.19678004535146
190.56244897959184
190.92408163265307
191.28573696145125
191.64736961451248
192.0104761904762
192.37215419501135
192.73380952380953
193.0954648526077
193.45689342403628
193.81850340136054
194.18009070294784
194.54167800453516
194.89884353741496
195.26022675736962
195.6215873015873
195.98297052154194
196.34079365079364
196.70201814058956
197.06321995464853
197.42442176870748
197.78639455782312
198.14777777777778
198.50916099773244
198.87056689342404
199.23643990929705
199.59784580498865
199.95925170068028
200.32063492063492
200.68328798185942
201.04471655328797
201.40614512471655
201.76757369614512
202.1289342403628
202.49031746031747
202.85167800453516
203.2130612244898
203.57444444444445
203.93879818594104
204.3001814058957
204.6615419501134
205.02292517006802
205.3878911564626
205.74927437641725
206.11065759637188
206.47204081632654
206.8354195011338
207.19678004535146
207.55814058956915
207.9195238095238
208.28367346938776
208.64503401360545
209.0064172335601
209.36780045351475
209.72950113378684
210.0908843537415
210.4522902494331
210.8136961451247
211.1724716553288
211.5340589569161
211.89566893424038
212.2572789115646
212.61938775510205
212.98111111111112
213.34283446712018
213.70453514739228
214.06766439909296
214.429410430839
214.79115646258504
215.15290249433107
215.51353741496598
215.87526077097505
216.23696145124717
216.59868480725623
216.96038548752836
217.31950113378684
217.6811111111111
218.04272108843537
218.4043537414966
218.76904761904763
219.13061224489795
219.49219954648527
219.8537641723356
220.21628117913832
220.57757369614512
220.93886621315193
221.3001814058957
221.66587301587302
222.02714285714285
222.38843537414965
222.74972789115645
223.11215419501133
223.47351473922902
223.83485260770976
224.19619047619048
224.55503401360545
224.91639455782314
225.27775510204083
225.63913832199546
226.00049886621315
226.3610657596372
226.72163265306122
227.08219954648527
227.44442176870749
227.80621315192744
228.16798185941042
228.5297732426304
228.8934693877551
229.25589569160996
229.6182993197279
229.98072562358277
230.34759637188208
230.71009070294784
231.0725850340136
231.43507936507936
231.79757369614512
232.16244897959183
232.52362811791383
232.88480725623583
233.24596371882086
233.6124036281179
233.97451247165532
234.3365986394558
234.69868480725623
235.05433106575964
235.41637188208617
235.7784126984127
236.14045351473922
236.50068027210884
236.86272108843536
237.2247619047619
237.58680272108845
237.94569160997733
238.3074603174603
238.66925170068026
239.03102040816327
239.38918367346938
239.75079365079364
240.1124036281179
240.47401360544217
240.83780045351475
241.19927437641724
241.56074829931973
241.92222222222222
242.28351473922902
242.64489795918368
243.0062811791383
243.36766439909297
243.73192743764173
244.09340136054422
244.45489795918368
244.81637188208617
245.17784580498866
245.54056689342403
245.90197278911563
246.2634013605442
246.62480725623584
246.98185941043084
247.34333333333333
247.70480725623582
248.06628117913831
248.71512471655328
249.14827664399093
249.58142857142857
250.01238095238097
250.4453968253968
250.8784126984127
251.30891156462584
251.7419501133787
252.1749886621315
254.7678684807256
255.20043083900228
255.63451247165534
256.0673015873016
256.50009070294783
256.93287981859413
257.365283446712
