2.2722448979591836
6.652675736961451
7.717233560090703
12.34047619047619
14.439909297052154
14.983106575963719
19.05952380952381
21.18580498866213
23.82183673469388
25.93090702947846
26.451814058956916
30.15829931972789
35.438208616780045
41.25519274376417
44.424467120181404
56.58777777777778
57.62716553287982
63.99204081632653
67.16326530612245
70.29659863945578
76.14934240362811
84.06986394557823
90.95312925170067
105.20802721088435
115.76625850340136
117.3791156462585
127.3997052154195
128.98784580498867
135.86673469387756
138.50780045351473
139.02884353741496
156.47195011337868
169.14285714285714
170.20743764172335
170.72825396825397
182.0990022675737
191.8808163265306
196.53052154195012
