3.5643125
9.6976875
10.181979166666666
13.737104166666667
18.938083333333335
31.606666666666666
37.791020833333334
41.61897916666667
45.87920833333333
47.5821875
49.4819375
52.32304166666667
59.90227083333333
64.74895833333333
67.56229166666667
68.03189583333334
82.60591666666667
88.743125
89.21110416666667
91.56058333333333
94.44179166666666
101.51614583333334
102.45052083333333
105.77335416666666
106.71110416666667
112.77102083333334
115.90054166666667
119.54727083333333
128.50495833333332
133.96420833333335
137.27360416666667
150.37391666666667
154.63191666666665
155.09779166666667
155.56366666666668
160.78970833333332
171.65189583333333
177.81125
180.14889583333334
184.458625
185.39358333333334
188.19297916666667
189.115875
191.40133333333333
193.24775
193.70935416666666
196.914
204.32458333333332
206.186625
211.6833125
