3.8709166666666666
4.9595
9.4010625
12.225875
19.722125
22.304625
22.666145833333335
35.96475
41.6815625
49.241125
52.02979166666667
56.216208333333334
59.3559375
60.53370833333334
67.25602083333334
73.52364583333333
75.378625
79.81304166666666
82.3853125
85.56379166666666
91.115
93.82433333333333
97.84804166666666
108.18158333333334
110.03702083333333
111.12372916666666
115.58341666666666
116.3135
119.24514583333334
127.35714583333333
128.8599375
131.06510416666666
133.25547916666667
135.11302083333334
138.41002083333333
139.540125
139.90158333333332
140.6245
143.93566666666666
148.71852083333334
151.68872916666666
158.67575
159.3979375
160.12014583333334
160.48122916666668
164.09183333333334
165.53741666666667
173.09372916666666
175.31225
181.76427083333334
188.9190625
192.25639583333333
192.97925
196.69452083333334
201.44054166666666
201.8015
202.21070833333334
202.57191666666668
211.05991666666668
211.42133333333334
