2.232698412698413
3.5322222222222224
5.093628117913832
5.962517006802721
6.816689342403628
7.703038548752835
8.55358276643991
9.46453514739229
10.339160997732426
11.186281179138321
12.081451247165534
12.928639455782314
13.871768707482993
14.720884353741496
15.233197278911565
16.081609977324263
16.93795918367347
17.822539682539684
18.667414965986396
19.55560090702948
20.397301587301587
21.299183673469386
22.141201814058956
23.47297052154195
24.343718820861678
25.213333333333335
26.051473922902495
26.935056689342403
27.770725623582766
28.65968253968254
29.49528344671202
30.381020408163266
31.26238095238095
32.100204081632654
32.9931746031746
33.82965986394558
34.739659863945576
35.6153514739229
36.454081632653065
37.35414965986394
38.193333333333335
39.097687074829935
39.93582766439909
40.82256235827664
41.710589569160994
42.55226757369614
43.47151927437642
44.31612244897959
45.25131519274377
46.14616780045351
46.995170068027214
47.90789115646258
48.75725623582766
49.65993197278912
50.54136054421769
51.389863945578234
52.2762358276644
53.123333333333335
54.04573696145125
54.93605442176871
55.78283446712018
56.67702947845805
57.524149659863944
58.432040816326534
59.277573696145126
60.02367346938775
61.033469387755105
61.87412698412698
62.80108843537415
63.644557823129254
64.58349206349206
65.4598185941043
66.30414965986395
67.15802721088436
67.99718820861678
68.77374149659865
69.6146485260771
70.33312925170068
71.17979591836735
72.04478458049887
72.94115646258503
73.78943310657597
74.7124716553288
75.56117913832199
76.4769387755102
77.37192743764173
78.22321995464853
79.09977324263039
79.94532879818594
80.84024943310658
81.71201814058956
82.55192743764172
83.45043083900227
84.29183673469387
85.1969387755102
86.03784580498866
86.79244897959184
87.83780045351475
88.68285714285715
89.5909977324263
90.43496598639456
91.32233560090702
92.18977324263038
93.02775510204081
93.92149659863945
94.76063492063491
95.67253968253968
96.56247165532879
97.40430839002268
98.30979591836734
99.15272108843537
100.06766439909298
100.91104308390022
101.62931972789116
102.67192743764173
103.51399092970522
104.43077097505669
105.27455782312926
106.20031746031746
107.10909297052154
107.95997732426304
108.90063492063491
109.75342403628117
110.6481179138322
111.55956916099774
112.4115873015873
113.31117913832199
114.1625850340136
115.0953514739229
115.99893424036281
116.85172335600907
117.73095238095237
118.57845804988662
119.46403628117913
120.33759637188209
121.18299319727892
122.13160997732426
122.9797052154195
123.88519274376418
124.77002267573697
125.6171201814059
126.50727891156463
127.35163265306123
128.25718820861678
129.1002947845805
129.8787755102041
130.93925170068027
131.78995464852608
132.70172335600907
133.55569160997732
134.46174603174603
135.37136054421768
136.22587301587302
137.13734693877552
137.98968253968255
138.8784126984127
139.7434693877551
140.58832199546487
141.48038548752834
142.3222902494331
143.25036281179138
144.11879818594105
144.9656916099773
145.88714285714286
146.73349206349206
147.66895691609977
148.54024943310657
149.38555555555556
150.31802721088437
151.16739229024944
152.03569160997733
152.87963718820862
153.76888888888888
154.67430839002267
155.5157142857143
156.43290249433107
157.2783446712018
158.21120181405897
159.08968253968254
159.93759637188208
160.8303628117914
161.6773015873016
162.59324263038548
163.48167800453515
164.32791383219956
165.23002267573696
166.0765986394558
166.97215419501134
167.91557823129253
168.76283446712017
169.63655328798185
170.48369614512472
171.40655328798186
172.25426303854874
173.60285714285715
174.50773242630385
175.39344671201815
176.24680272108844
177.14480725623582
177.99868480725624
178.9314058956916
179.8297052154195
180.68362811791383
181.5890702947846
182.43984126984128
183.34414965986394
184.21160997732426
185.0562358276644
185.95419501133787
186.8004081632653
187.70965986394557
188.55458049886622
189.4395918367347
190.35315192743764
191.20004535147393
191.96616780045352
192.81748299319727
193.74950113378685
194.79839002267573
195.65544217687074
196.59943310657596
197.45920634920634
198.36979591836734
199.2728344671202
200.13124716553287
201.0495918367347
201.90609977324263
202.82213151927436
203.7041723356009
204.55809523809523
205.37124716553288
206.2231746031746
207.24269841269842
208.14183673469387
208.99716553287982
209.78326530612244
210.6438775510204
211.56852607709752
212.45773242630386
213.32585034013604
214.01333333333332
214.87909297052155
215.76392290249433
216.62943310657596
217.51410430839002
218.37795918367348
219.23678004535148
220.13986394557824
220.98702947845806
221.89326530612246
