1.5377551020408162
1.8434013605442177
2.149047619047619
2.4546938775510205
2.7603401360544217
3.0513151927437643
3.353922902494331
3.656530612244898
3.9591156462585033
4.26172335600907
4.633922902494331
5.0882766439909295
5.542630385487528
6.285283446712018
6.741201814058957
7.1971428571428575
7.468616780045352
7.816530612244898
8.164421768707482
8.51233560090703
8.978639455782313
9.526916099773242
10.07517006802721
10.482471655328798
10.993809523809524
11.50514739229025
12.010498866213151
12.516780045351474
13.023038548752835
13.559569160997732
14.067324263038548
14.575079365079365
15.081791383219954
15.585215419501134
16.088616780045353
16.624081632653063
17.12891156462585
17.6337641723356
18.150566893424035
18.653333333333332
19.15612244897959
19.657777777777778
20.158480725623583
20.65918367346939
21.188185941043084
21.688185941043084
22.188208616780045
22.721723356009072
23.221950113378686
23.74206349206349
24.243061224489797
24.74408163265306
25.26204081632653
25.762743764172335
26.2634693877551
26.798458049886623
27.298503401360545
27.798548752834467
28.304240362811793
28.80453514739229
29.30485260770975
29.826916099773243
30.32702947845805
30.827165532879818
31.361746031746033
31.862517006802722
32.36328798185941
32.882448979591835
33.3824716553288
33.88249433106576
34.386598639455784
34.88591836734694
35.38521541950114
35.8968253968254
36.39693877551021
36.897074829931974
37.508639455782316
38.0137641723356
38.51888888888889
39.03643990929705
39.541995464852604
40.047551020408164
40.51702947845805
41.02308390022676
41.52913832199547
41.85448979591837
42.3592970521542
42.864104308390026
43.61766439909297
44.125079365079365
44.64015873015873
45.146190476190476
45.65222222222222
46.18891156462585
46.69578231292517
47.20263038548753
47.73328798185941
48.24108843537415
48.74888888888889
49.252857142857145
49.75625850340136
50.25965986394558
50.78047619047619
51.28267573696145
51.78487528344671
52.32011337868481
52.82281179138322
53.32551020408163
53.868956916099776
54.37424036281179
54.87954648526077
55.395374149659865
55.89895691609977
56.40253968253968
56.89342403628118
57.3959410430839
57.89845804988662
58.38918367346939
58.89154195011338
59.48519274376417
59.987913832199546
60.49063492063492
61.01768707482993
61.52074829931973
62.023809523809526
62.558344671201816
63.06115646258503
63.563968253968255
64.07741496598639
64.57913832199546
65.08086167800454
65.58145124716553
66.0815873015873
66.58172335600906
67.14401360544218
67.64401360544218
68.14401360544218
68.68467120181406
69.18727891156463
69.6898866213152
70.25614512471655
70.7654648526077
71.28492063492064
71.79349206349207
72.3020634920635
72.83439909297053
73.34442176870748
73.85444444444444
74.40448979591837
74.9143537414966
75.42421768707483
75.96972789115647
76.4819954648526
76.99426303854875
77.5795238095238
78.09421768707483
78.60888888888888
79.14081632653061
79.65514739229025
80.16950113378685
80.68160997732426
81.19278911564626
81.71764172335601
82.22666666666667
82.73569160997732
83.23163265306123
83.73918367346938
84.24673469387756
84.75984126984127
85.26603174603174
85.77222222222223
86.32920634920634
86.83770975056689
87.34621315192744
87.88249433106576
88.39195011337868
88.90140589569161
89.41671201814059
89.92526077097506
90.43380952380953
90.97312925170068
91.48154195011338
91.98997732426304
92.51977324263038
93.02897959183673
93.53820861678004
94.06299319727891
94.57278911564626
95.10353741496598
95.61224489795919
96.12095238095237
96.65371882086168
97.16142857142857
97.66913832199546
98.19319727891157
98.70065759637188
99.20814058956915
99.76079365079364
100.27006802721088
100.77934240362812
101.31253968253968
101.82297052154195
102.33340136054422
102.86417233560091
103.37403628117914
103.88390022675738
104.36886621315193
104.87569160997732
105.38251700680271
105.88712018140589
106.3874149659864
106.88773242630386
107.40795918367347
107.90850340136055
108.40904761904761
108.89936507936508
109.40129251700681
109.90321995464852
110.33555555555556
110.83591836734693
111.33625850340137
111.79868480725624
112.2959410430839
112.7931746031746
113.43292517006803
113.92519274376417
114.44587301587302
114.94224489795918
115.4385941043084
115.96945578231292
116.47566893424036
116.9818820861678
117.58412698412698
118.09215419501133
118.6001814058957
119.16224489795918
119.67337868480726
120.1845351473923
120.68192743764172
121.1912925170068
121.70065759637188
122.23827664399093
122.74628117913832
123.25428571428571
123.78285714285714
124.29097505668935
124.83428571428571
125.34453514739229
125.85480725623583
126.38616780045352
126.8966439909297
127.40714285714286
127.93213151927438
128.4415873015873
128.95104308390023
129.4831746031746
129.99226757369615
130.50138321995465
131.02916099773242
131.53836734693877
132.0475963718821
132.53229024943312
133.04022675736962
133.54816326530613
134.05700680272108
134.56195011337869
135.0668934240363
135.64696145124717
136.15414965986395
136.68544217687074
137.19666666666666
137.70789115646258
138.22195011337868
138.73154195011338
139.24113378684808
139.797052154195
140.3054195011338
140.81378684807257
141.34371882086168
141.85190476190476
142.36009070294784
142.8775283446712
143.38548752834467
143.89342403628117
144.39478458049888
144.8982993197279
145.4018367346939
145.91691609977323
146.4180498866213
146.91918367346938
147.43854875283446
147.93965986394556
148.4407709750567
148.99414965986395
149.4963492063492
149.99854875283447
150.52868480725624
151.0332426303855
151.5757142857143
152.08208616780044
152.5884580498866
153.14489795918368
153.65238095238095
154.15986394557822
154.68596371882086
155.1942857142857
155.70263038548754
156.24986394557823
156.75931972789115
157.26877551020408
157.80777777777777
158.31848072562357
158.8291836734694
159.37024943310658
159.88122448979593
160.39219954648527
160.93863945578232
161.4506349206349
161.97560090702947
162.48684807256237
162.9980725623583
163.52616780045352
164.0368934240363
164.54761904761904
165.08281179138322
165.59285714285716
166.10292517006803
166.65142857142857
167.16219954648525
167.67297052154194
168.20437641723356
168.71485260770976
169.22530612244898
169.74861678004535
170.25786848072562
170.7671201814059
171.3038775510204
171.8138095238095
172.32374149659864
172.82419501133788
173.33625850340135
173.90659863945578
174.41825396825396
174.92990929705215
175.46532879818594
175.97573696145125
176.48614512471656
177.03224489795917
177.54319727891158
178.05414965986395
178.5847619047619
179.09571428571428
179.60668934240363
180.1336507936508
180.6441723356009
181.154693877551
181.6984807256236
182.20877551020408
182.7190702947846
183.22768707482993
183.7375283446712
184.28798185941042
184.79877551020408
185.30954648526077
185.8270068027211
186.33492063492062
186.8428117913832
187.3812925170068
187.8897505668934
188.39820861678004
188.91571428571427
189.42342403628118
189.9311111111111
190.49154195011337
191.00160997732425
191.51165532879818
192.0427664399093
192.55333333333334
193.06390022675737
193.61927437641722
194.1306575963719
194.62537414965988
195.13476190476192
195.6441723356009
196.12843537414966
196.63167800453516
197.1349433106576
197.69857142857143
198.20215419501133
198.70573696145124
199.2732879818594
199.78133786848073
200.28936507936507
200.82768707482992
201.33857142857144
201.84945578231293
202.37714285714284
202.8877551020408
203.3983446712018
203.98825396825396
204.4990022675737
205.00975056689342
205.50975056689342
206.02136054421769
206.52274376417233
207.03573696145125
207.54873015873017
208.16482993197278
208.67396825396824
209.18312925170068
209.73904761904762
210.2492290249433
210.75943310657595
211.3056009070295
211.8159410430839
212.32628117913833
212.85809523809525
213.36938775510205
213.88068027210883
214.41834467120182
214.9297052154195
215.48854875283448
216.001768707483
216.5150113378685
217.05870748299319
217.57278911564626
218.08687074829933
218.62414965986395
219.14104308390023
219.6579365079365
220.25040816326532
220.76988662131518
221.28936507936507
221.83251700680273
222.35308390022675
222.89800453514738
223.41868480725623
223.93934240362813
224.48696145124717
225.00698412698412
225.52698412698413
226.08145124716555
226.6024036281179
227.12337868480725
227.66489795918366
228.18573696145125
228.70657596371882
229.22997732426305
229.7478231292517
230.26566893424035
230.78748299319727
231.30267573696145
231.82204081632653
232.33292517006802
232.8438095238095
233.39369614512472
233.90272108843538
234.41174603174602
234.95043083900228
235.4586394557823
235.96684807256236
236.4740589569161
236.98718820861677
237.50031746031746
238.1322448979592
238.65049886621316
239.16877551020409
239.70746031746032
240.22614512471657
240.76011337868482
241.27727891156462
241.79444444444445
242.35766439909298
242.87494331065759
243.39222222222222
243.93687074829933
244.45480725623582
244.97274376417235
245.5231065759637
246.04238095238094
246.5616553287982
247.09875283446712
247.61743764172334
248.1438321995465
248.65986394557822
249.17591836734695
249.6998185941043
250.2129931972789
250.72614512471657
251.26757369614512
251.78034013605443
252.29308390022675
252.8382993197279
253.35160997732427
253.86492063492062
254.39160997732426
254.90437641723355
255.41714285714286
255.95478458049885
256.4675056689342
256.9802267573696
257.78807256235825
258.3013605442177
258.6226984126984
259.1378458049887
259.6530158730159
260.16002267573697
260.67414965986393
261.18825396825395
261.72600907029477
262.23850340136056
262.75102040816324
263.27931972789116
263.7904535147392
264.3016099773243
264.85895691609977
265.3704081632653
265.8818820861678
266.36394557823127
266.8718820861678
267.37979591836734
267.87478458049884
268.38136054421767
268.88795918367344
269.3752380952381
269.874126984127
270.37301587301585
270.8577551020408
271.35410430839005
271.85045351473923
272.3347619047619
272.83068027210885
273.3265759637188
273.8111337868481
274.3073015873016
274.8034693877551
275.2877097505669
275.7835827664399
276.27945578231294
276.7636961451247
277.2595464852608
277.7553968253968
278.24038548752833
278.73696145124717
279.23356009070295
279.7189795918367
280.21598639455783
280.71299319727893
281.1985487528345
281.6957142857143
282.1928571428571
282.6781632653061
283.1750566893424
283.67197278911567
284.1552607709751
284.65015873015875
285.1450566893424
285.4617233560091
285.9557142857143
286.44968253968256
286.93287981859413
287.4276870748299
287.9224716553288
288.40369614512474
288.8965306122449
289.38936507936506
289.87256235827664
290.3673696145125
290.86217687074827
291.34716553287984
291.8437641723356
292.3403628117914
292.8246485260771
293.3205442176871
