3.2007083333333335
4.222458333333333
5.244229166666667
6.300395833333333
7.317833333333334
8.860895833333334
9.873791666666667
10.8961875
11.8980625
12.8999375
13.956645833333333
14.955666666666668
15.9546875
17.033270833333333
18.031125
19.085625
20.087875
21.090125
22.175229166666668
23.175833333333333
24.176416666666668
25.0826875
26.087479166666668
27.092270833333334
28.13175
29.135458333333332
30.185583333333334
31.185125
32.184666666666665
33.1853125
34.181375
35.177416666666666
36.102291666666666
37.097125
38.0919375
39.0970625
40.0928125
40.99454166666667
41.99695833333333
42.99939583333333
44.048
45.047958333333334
46.0479375
47.1284375
48.12925
49.177458333333334
50.1770625
51.17666666666667
52.262458333333335
53.26258333333333
54.2626875
55.34977083333333
56.35158333333333
57.422041666666665
58.42277083333333
59.42347916666667
60.492666666666665
61.492583333333336
62.4925
63.569875
64.56885416666667
65.63120833333333
66.6291875
67.62714583333333
68.70854166666666
69.70622916666666
70.7039375
71.60729166666667
72.60935416666666
73.61141666666667
74.4001875
75.40039583333333
76.442125
77.44239583333334
78.44264583333333
79.50066666666666
80.4978125
81.49497916666667
82.39733333333334
83.39691666666667
84.3965
85.46129166666667
86.46220833333334
87.5293125
88.53389583333333
89.53845833333334
90.57645833333333
91.57277083333334
92.56908333333334
93.63939583333334
94.63447916666667
95.70122916666666
96.69791666666667
97.69460416666666
98.7425
99.73979166666666
100.73708333333333
101.66435416666667
102.66445833333333
103.701125
104.70277083333333
105.7044375
106.770375
107.76985416666666
108.76933333333334
109.64320833333333
110.64364583333334
111.64408333333333
112.68902083333333
113.68929166666666
114.7383125
115.73677083333334
116.73522916666667
117.82677083333333
118.82585416666667
119.8249375
120.90204166666666
121.9013125
122.95152083333333
123.95089583333333
124.95027083333333
126.02658333333333
127.02514583333334
128.02370833333333
129.11766666666668
130.118375
131.08472916666668
132.08589583333332
133.0870625
134.05433333333335
135.05433333333335
136.05435416666666
137.11685416666666
138.1185
139.12014583333334
139.97635416666665
140.975375
141.99025
142.98860416666668
143.98697916666666
145.0496875
146.04972916666668
147.04977083333333
148.1521875
149.15239583333334
150.20554166666668
151.2035
152.20145833333333
153.27510416666667
154.27360416666667
155.272125
156.35641666666666
157.35254166666667
158.42691666666667
159.4244375
160.42197916666666
161.4454375
162.44441666666665
163.44341666666668
164.36939583333333
165.37160416666666
166.37379166666668
167.44464583333334
168.44660416666667
169.49860416666667
170.49810416666668
171.497625
172.56333333333333
173.55797916666666
174.55264583333334
175.6174375
176.61179166666668
177.67122916666668
178.66577083333334
179.66033333333334
180.75447916666667
181.75025
182.74604166666666
183.62483333333333
184.622375
185.658
186.6576875
187.65735416666666
188.72589583333334
189.7248125
190.72375
191.79614583333333
192.79460416666666
193.857875
194.85641666666666
195.85497916666668
196.94491666666667
197.94297916666667
198.94102083333334
200.02083333333334
201.01964583333333
202.08964583333332
203.0915625
204.0935
205.1638125
206.163125
207.1624375
208.24777083333333
209.24770833333332
210.30810416666668
211.3081875
212.30825
213.3890625
214.38860416666665
215.38814583333334
216.388375
217.38925
218.5225625
219.52252083333335
220.52245833333333
221.60739583333333
222.6074375
223.60747916666668
224.61358333333334
225.61454166666667
226.6704375
227.66939583333334
228.668375
229.6119375
230.61170833333333
231.6115
232.64979166666666
233.64741666666666
234.64502083333332
235.5299375
236.52927083333333
237.547875
238.54464583333333
239.5414375
240.614
241.61252083333332
242.6110625
243.68954166666666
244.68675
245.76127083333333
246.75897916666668
247.75666666666666
248.83727083333332
249.83625
250.83520833333333
251.92475
252.92677083333334
253.98052083333334
254.97858333333335
255.97666666666666
257.04777083333335
258.04575
259.04375
260.13377083333336
261.13114583333333
262.20814583333333
263.20872916666667
264.2092916666667
265.27908333333335
266.27877083333334
267.27845833333333
268.35316666666665
269.3515208333333
270.3611875
271.35725
272.3533125
273.2641875
274.2620625
275.2599375
276.3225625
277.32227083333333
278.32197916666667
279.39789583333334
280.39577083333336
281.4492916666667
282.448375
283.4474583333333
284.48660416666667
285.4864166666667
286.4862083333333
287.39102083333336
288.3903125
289.4242708333333
290.4231458333333
291.422
292.47775
293.4798333333333
