3.058854166666667
3.6962291666666665
4.3336041666666665
4.970979166666667
5.565479166666667
6.21575
6.866041666666667
7.5163125
8.1528125
8.810625
9.468458333333333
10.126270833333333
10.784083333333333
11.2946875
11.933104166666666
12.5715
13.209916666666667
13.755291666666666
14.4010625
15.0468125
15.6925625
16.4168125
17.062395833333333
17.707979166666668
18.3535625
18.999125
19.628104166666667
20.278395833333335
20.9286875
21.579
22.615645833333332
23.2850625
23.954458333333335
24.661354166666666
25.327604166666667
25.993875
26.660125
27.380541666666666
28.04714583333333
28.71375
29.380354166666667
30.1108125
30.776979166666667
31.443145833333332
32.1093125
32.83614583333333
33.502291666666665
34.1684375
34.834583333333335
35.56945833333333
36.23525
36.9010625
37.566854166666666
38.30914583333333
38.9761875
39.643229166666664
40.310270833333334
41.0163125
41.684125
42.3519375
43.01975
43.715520833333336
44.380270833333334
45.045
45.70975
46.79785416666667
47.462520833333336
48.127208333333336
48.791875
49.541916666666665
50.20552083333333
50.869125
51.53275
52.27075
52.936395833333336
53.602020833333334
54.26766666666666
54.9815625
55.644625
56.3076875
56.97075
57.3768125
58.037958333333336
58.699083333333334
59.36022916666667
60.129104166666664
60.80314583333333
61.47716666666667
62.15120833333334
62.830708333333334
63.4751875
64.11966666666666
64.76414583333333
65.40860416666666
66.03375
66.68022916666666
67.32670833333333
67.97316666666667
68.9498125
69.595375
70.2409375
70.88652083333334
71.51264583333334
72.16010416666667
72.80758333333333
73.45504166666667
73.99891666666667
74.88908333333333
75.77925
76.6823125
77.53714583333333
78.392
79.38789583333333
80.23764583333333
81.08741666666667
82.14308333333334
82.99641666666666
83.84975
84.67252083333334
85.530625
86.38875
87.246875
88.08772916666666
88.9499375
89.812125
90.55370833333333
91.4396875
92.32564583333334
93.16695833333333
94.02960416666667
94.89225
95.774875
96.635
97.495125
98.4975625
99.36652083333334
100.23547916666666
101.06333333333333
101.93241666666667
102.8015
103.96691666666666
104.84064583333334
105.714375
106.48902083333333
107.1575
107.82595833333333
108.4944375
109.78616666666667
110.45316666666666
111.12014583333334
111.787125
112.495625
113.1619375
113.82825
114.49454166666666
115.50083333333333
116.1685625
116.8363125
117.4805625
118.14616666666667
118.81177083333333
119.477375
120.12125
120.7864375
121.45164583333333
122.11683333333333
123.42364583333334
124.08770833333334
124.75179166666666
125.41585416666666
126.12447916666666
126.78227083333333
127.44008333333333
128.097875
128.94195833333333
129.59945833333333
130.25697916666667
130.91447916666667
131.676
132.33533333333332
132.99464583333332
133.65395833333332
134.1125
134.77425
135.43597916666667
136.09770833333334
137.05047916666666
137.7114375
138.37239583333334
139.03333333333333
139.50954166666668
140.17095833333335
140.83239583333332
141.4938125
141.94314583333335
142.60429166666665
143.2654375
143.9265625
144.58770833333332
145.187375
145.84935416666667
146.5113125
147.17329166666667
148.06833333333333
148.7318125
149.3953125
150.05879166666668
151.231
152.1143125
153.05695833333334
153.91202083333334
154.76708333333335
155.63633333333334
156.49041666666668
157.3445
158.1985625
159.03022916666666
159.88320833333333
160.7361875
161.56608333333332
162.4173125
163.26854166666666
164.09716666666668
164.947125
165.79708333333335
166.630875
167.486
168.341125
170.02733333333333
170.88110416666666
171.73485416666668
172.44995833333334
173.30385416666667
174.15775
174.9918125
175.8471875
176.70258333333334
177.53172916666668
178.38222916666666
179.23270833333333
180.0831875
180.91266666666667
181.76345833333335
182.61425
183.446625
184.30033333333333
185.15404166666667
185.774625
186.62114583333334
187.46764583333334
189.14339583333333
189.9919375
190.84047916666665
191.66597916666666
192.51279166666666
193.359625
194.1845625
195.03083333333333
195.877125
196.67366666666666
197.51779166666665
198.36191666666667
199.20604166666666
200.057125
200.90360416666667
201.7500625
202.57764583333332
203.4265625
204.27547916666666
204.85114583333333
205.70227083333333
206.553375
207.4045
208.25539583333332
209.10810416666666
209.96083333333334
210.7944375
211.64939583333333
