2.9966875
3.88025
4.763791666666667
5.4615625
6.339166666666666
7.216770833333333
8.817145833333333
9.691729166666667
10.566333333333333
11.5186875
12.391020833333334
13.263354166666666
14.209875
15.0805
15.951145833333333
16.853291666666667
17.723020833333333
18.592770833333333
19.357729166666665
20.226166666666668
21.094604166666667
22.010354166666666
22.8789375
23.747541666666667
24.67716666666667
25.544270833333332
26.411395833333334
27.584541666666667
28.449145833333333
29.31375
30.219125
31.078625
31.938125
32.869
33.728229166666665
34.58745833333333
35.526875
36.38635416666666
37.24585416666667
38.105333333333334
38.92947916666667
39.7875625
40.64566666666666
41.48829166666667
42.344541666666665
43.20077083333333
43.9383125
44.793416666666666
45.648520833333336
46.560125
47.414520833333334
48.26891666666667
49.170770833333336
50.02520833333333
50.879645833333335
51.73408333333333
52.51439583333333
53.36927083333333
54.22414583333333
55.11097916666667
55.9655
56.82
57.595875
58.45260416666667
59.309354166666665
60.2633125
61.12439583333333
61.9855
63.043479166666664
63.911
64.77852083333333
65.6935
66.56427083333334
67.43504166666666
68.38210416666666
69.25704166666667
70.13197916666667
71.0850625
71.95527083333333
72.82547916666667
73.75316666666667
74.6219375
75.49070833333333
76.4075
77.26997916666667
78.13247916666667
78.99497916666667
79.91927083333333
80.77720833333333
81.63514583333334
82.47385416666667
83.33025
84.18664583333333
85.03664583333334
85.89258333333333
86.74852083333333
87.68977083333333
88.54514583333334
89.40052083333333
90.12652083333333
90.9833125
91.84010416666666
92.69689583333333
93.38920833333333
94.24495833333333
95.10070833333333
96.01972916666666
96.87510416666667
97.73045833333333
98.65220833333333
99.50672916666667
100.36125
101.27908333333333
102.1331875
102.98729166666666
103.71591666666667
104.5713125
105.42670833333334
106.28210416666667
106.86164583333333
107.7219375
108.58225
109.58460416666667
110.45025
111.31589583333333
112.27029166666667
113.13775
114.00522916666667
114.94483333333334
115.8138125
116.6828125
117.6050625
118.470125
119.3351875
120.25975
121.12389583333334
121.98804166666666
123.32504166666666
124.18610416666667
125.04714583333333
125.8196875
126.67847916666666
127.53729166666666
128.48083333333332
129.34129166666668
130.20177083333334
131.8250625
132.68658333333335
133.54810416666666
134.50039583333333
135.36197916666666
136.22358333333332
137.06110416666667
137.9199375
138.77879166666668
139.78922916666667
140.64547916666666
141.50172916666668
142.2505
143.10785416666667
143.96520833333332
144.7446875
145.6064375
146.4681875
147.3299375
148.70302083333334
149.5665
150.4543125
151.314125
152.17391666666666
153.12185416666668
153.98079166666668
154.83970833333333
155.74910416666665
156.6080625
157.46704166666666
158.4094375
159.2674375
160.1254375
160.98341666666667
161.74445833333334
162.60110416666666
163.45775
164.3554375
165.21197916666668
166.06852083333334
167.00266666666667
167.8571875
168.7116875
169.673625
170.53033333333335
171.38702083333334
172.2946875
173.1515
174.0083125
174.73914583333334
175.59564583333332
176.45214583333333
177.30864583333334
178.0765
178.9336875
179.790875
180.58647916666666
181.4474375
182.30841666666666
183.29633333333334
184.16172916666667
185.027125
185.9343125
186.8030625
187.67179166666668
188.64975
189.52
190.39027083333335
191.36322916666666
192.23170833333333
193.1001875
193.974625
194.83804166666667
195.70147916666667
196.6186875
197.48039583333335
198.342125
199.20383333333334
199.95160416666667
200.80970833333333
201.66779166666666
202.42739583333332
203.28529166666667
204.14316666666667
204.99658333333332
205.8514375
206.70627083333332
207.4789375
208.3326875
209.18645833333332
210.04022916666668
210.78541666666666
211.63822916666666
212.49102083333332
213.4330625
214.2920625
215.15104166666666
216.02964583333332
216.8839375
217.73822916666666
218.5996875
219.4486875
220.2976875
221.20808333333332
222.05297916666666
222.89785416666666
223.74275
225.07191666666668
225.91179166666666
226.73197916666666
227.57352083333333
228.41504166666667
