6.580680272108843
7.9618820861678
8.664104308390023
9.513945578231292
10.444126984126983
11.39750566893424
12.35907029478458
12.968843537414966
13.670907029478458
14.261700680272108
14.868344671201815
15.460680272108844
16.053015873015873
16.731609977324265
17.314965986394558
18.23263038548753
19.41673469387755
19.99909297052154
20.581451247165532
21.47532879818594
22.39185941043084
23.549002267573695
24.760544217687073
26.543333333333333
27.234285714285715
28.375374149659866
28.957528344671204
29.53968253968254
29.94517006802721
30.528185941043084
31.99641723356009
33.11124716553288
34.53111111111111
35.78546485260771
36.921133786848074
38.08621315192744
39.30285714285714
40.44698412698413
41.03065759637188
41.782426303854876
42.37102040816327
42.95961451247165
43.39814058956916
43.98591836734694
45.115963718820865
46.268140589569164
47.39689342403628
48.33834467120182
48.962698412698415
49.70575963718821
50.47312925170068
51.2159410430839
52.00637188208617
52.74727891156463
53.535442176870745
54.27646258503401
55.06342403628118
55.803832199546484
56.613832199546486
57.35523809523809
58.15272108843537
58.89530612244898
59.52575963718821
60.269614512471655
61.047868480725626
61.789478458049885
62.57843537414966
63.32099773242631
64.10793650793651
64.84968253968253
65.64743764172336
66.38981859410431
67.16004535147393
67.90138321995465
68.71022675736961
69.4508843537415
70.03997732426303
70.77857142857142
71.54784580498867
72.28578231292516
73.08061224489796
73.81963718820862
74.60671201814058
75.34419501133787
76.13827664399093
76.88013605442177
77.64485260770975
78.38151927437642
79.00539682539683
79.74208616780045
80.71814058956916
81.45519274376417
82.22102040816327
82.95804988662131
83.73655328798186
84.47351473922903
85.10800453514739
85.84628117913832
86.40816326530613
87.14603174603175
88.31204081632653
89.27460317460317
90.39410430839003
91.36120181405896
92.48714285714286
93.63274376417233
94.74829931972789
95.50678004535148
96.24904761904762
97.08367346938776
97.82278911564626
98.60804988662132
99.3478231292517
100.15233560090702
100.89448979591836
101.6541723356009
102.39442176870749
102.96589569160997
103.70517006802721
104.38585034013606
105.12648526077098
105.90938775510205
106.65054421768707
107.4337641723356
108.17492063492064
109.32655328798187
109.90741496598639
110.64616780045351
111.64124716553287
112.37403628117914
113.14426303854876
113.87943310657596
114.65997732426304
115.39294784580498
116.19632653061224
116.93544217687075
117.72848072562358
118.46832199546485
119.25732426303856
119.99791383219954
120.98208616780046
121.96609977324263
123.08365079365079
124.2314739229025
125.39235827664399
126.13857142857142
126.8891156462585
127.6263492063492
128.40367346938777
129.1440589569161
129.78614512471654
130.52548752834468
131.27303854875282
132.01145124716552
132.7656462585034
133.50174603174602
134.3047619047619
135.03850340136054
135.82977324263038
136.56582766439908
137.3172335600907
138.05469387755102
138.76879818594105
139.50614512471654
140.21417233560092
140.94541950113378
142.0027664399093
142.70090702947846
143.42226757369613
144.3360544217687
145.07056689342403
145.86278911564625
146.6022902494331
147.37909297052155
148.11848072562358
148.9168253968254
149.65600907029477
150.46131519274377
151.2028798185941
151.9761224489796
152.7154648526077
153.51045351473923
154.25027210884355
155.0263492063492
155.76326530612246
156.20650793650793
156.94378684807256
157.7285260770975
158.4672335600907
159.2637641723356
160.00215419501134
160.77360544217686
161.51410430839002
162.28551020408165
163.02551020408163
163.79369614512473
164.5333560090703
165.17371882086167
165.9134693877551
166.51861678004536
167.26131519274375
168.01768707482992
168.75163265306122
169.92369614512472
170.65519274376416
171.25297052154195
171.98437641723356
173.36219954648527
174.4990022675737
175.64854875283447
177.38419501133788
178.1271201814059
178.71120181405897
179.4514058956916
180.2265306122449
180.96467120181407
181.7437188208617
182.4830158730159
183.24698412698413
183.9812925170068
184.79662131519274
185.53102040816327
186.3080725623583
187.0435827664399
187.81791383219954
188.55004535147393
189.21743764172336
189.96480725623582
190.67965986394557
191.41773242630384
192.13408163265305
192.8736507936508
193.5865986394558
194.3227664399093
195.0760544217687
195.77537414965985
196.4435827664399
197.13498866213152
197.7969841269841
198.4821768707483
199.15566893424037
199.85238095238094
200.63149659863944
201.3371201814059
202.02614512471655
202.73839002267573
203.45061224489797
204.15945578231293
204.8915192743764
205.44487528344672
206.17054421768708
206.8650566893424
207.58278911564625
208.28333333333333
209.00707482993198
209.71074829931973
210.43766439909297
211.11410430839
211.8137641723356
