3.2013541666666665
4.087125
4.972895833333333
5.9079375
6.785166666666667
7.662375
8.837458333333334
9.7274375
10.617416666666667
11.552833333333334
12.4399375
13.3270625
14.267666666666667
15.154270833333333
16.040875
16.9880625
17.87425
18.760416666666668
19.733270833333332
20.620395833333333
21.5075
22.432604166666668
23.318666666666665
24.20475
25.025708333333334
25.916020833333334
26.8063125
27.51
28.398375
29.286770833333332
30.230291666666666
31.12
32.0096875
32.95152083333333
33.838875
34.72625
35.66172916666667
36.54722916666667
37.43272916666667
38.394958333333335
39.27835416666667
40.16175
41.097625
41.9799375
42.86225
43.8223125
44.706916666666665
45.591520833333334
46.52891666666667
47.4115625
48.29420833333333
49.24402083333333
50.1265625
51.009125
51.969791666666666
52.85485416666667
53.739916666666666
54.715875
55.6015625
56.48727083333333
57.4536875
58.3421875
59.23070833333333
60.193729166666664
61.082229166666664
61.970708333333334
62.86291666666666
63.74847916666667
64.63404166666666
65.83364583333334
66.71804166666666
67.60245833333333
68.58316666666667
69.4684375
70.3536875
71.12691666666667
72.01214583333334
72.89739583333333
73.838375
74.72745833333333
75.6165625
76.55897916666666
77.44745833333333
78.3359375
79.3071875
80.197375
81.08758333333333
82.03485416666666
82.92352083333333
83.81216666666667
85.0160625
85.90445833333334
86.79285416666667
87.70652083333333
88.59441666666666
89.48233333333333
90.443125
91.32845833333333
92.21379166666667
93.13445833333333
94.0180625
94.90166666666667
95.68339583333334
96.56764583333333
97.45191666666666
98.37783333333333
99.262
100.14616666666667
101.09141666666666
101.97485416666666
102.85829166666667
103.84602083333333
104.73264583333334
105.61929166666667
106.6143125
107.50383333333333
108.39333333333333
109.35902083333333
110.25170833333334
111.14439583333333
112.13777083333333
113.03208333333333
113.92639583333333
114.8650625
115.75591666666666
116.64679166666667
117.56685416666667
118.45516666666667
119.3435
120.21058333333333
121.09902083333333
121.9874375
122.8784375
123.76685416666666
124.65527083333333
125.80702083333334
126.69675
127.5865
128.57689583333334
129.46660416666666
130.35633333333334
131.3203125
132.21045833333332
133.100625
134.03360416666666
134.9210625
135.80852083333335
136.8078125
137.69502083333333
138.58222916666668
139.75641666666667
140.64370833333334
141.531
142.29683333333332
143.18495833333333
144.0730625
145.027625
145.917
146.806375
147.74825
148.63689583333334
149.52554166666667
150.4998125
151.38925
152.2786875
153.23829166666667
154.12972916666666
155.0211875
155.95970833333334
156.851125
157.74254166666665
158.5684375
159.4615
160.3545625
161.30477083333332
162.1983125
163.09185416666668
164.041625
164.93279166666667
165.82397916666667
166.7569375
167.6485625
168.5401875
169.30691666666667
170.19658333333334
171.08627083333334
172.03010416666666
172.92022916666667
173.81033333333335
174.77039583333334
175.660875
176.55133333333333
177.50883333333334
178.39925
179.28966666666668
180.27333333333334
181.16352083333334
182.0536875
182.98716666666667
183.87527083333333
184.76339583333333
185.7735
186.66372916666666
187.55397916666666
188.55027083333334
189.44229166666668
190.3343125
191.3016875
192.1946875
193.0876875
194.07872916666668
194.9745625
195.87039583333333
196.84154166666667
197.73652083333334
198.6315
199.59827083333334
200.492625
201.38697916666666
202.31708333333333
203.2099375
204.10279166666666
205.0124375
205.901625
206.79079166666668
207.60045833333334
208.489625
209.37879166666667
210.31454166666666
211.20345833333334
212.09239583333334
213.76679166666668
214.65929166666666
215.55177083333334
216.48741666666666
217.38016666666667
218.2729375
219.03814583333335
219.93127083333334
220.824375
221.80320833333334
222.695375
223.5875625
224.32558333333333
225.21639583333334
226.1071875
227.01285416666667
227.9016875
228.79054166666666
229.7065625
230.59179166666667
231.477
232.387625
233.26608333333334
234.14454166666667
234.891625
235.76683333333332
236.64204166666667
237.7918125
238.66645833333334
239.54108333333335
240.31466666666665
241.19120833333332
242.06772916666668
243.3651875
244.24510416666666
245.125
246.10904166666666
