1.5382993197278911
2.182630385487528
2.8269387755102042
3.8054421768707485
4.658412698412699
5.534625850340136
6.655532879818594
7.406666666666666
8.209750566893424
8.862834467120182
9.70297052154195
10.712675736961451
11.573378684807256
12.15312925170068
12.75609977324263
13.288344671201815
13.874875283446713
14.46140589569161
14.922857142857143
15.50657596371882
16.0902947845805
16.75496598639456
17.358027210884355
17.973832199546486
18.576054421768706
19.17829931972789
19.636190476190475
20.241133786848074
20.83621315192744
21.454489795918366
22.07278911564626
22.795532879818595
23.37845804988662
24.475736961451247
25.642222222222223
26.82294784580499
27.972131519274377
28.61233560090703
29.193945578231293
30.340430839002266
31.188480725623585
31.854852607709752
32.52122448979592
33.38108843537415
34.11283446712018
34.79802721088436
35.48319727891157
36.1684126984127
36.85294784580499
37.69020408163265
38.29022675736962
38.87873015873016
39.49045351473923
40.253945578231296
40.99240362811791
41.803174603174604
42.567414965986394
43.41904761904762
44.17566893424036
44.95827664399093
45.72680272108843
46.67104308390023
47.438049886621314
48.125192743764174
48.886213151927436
49.40190476190476
50.16859410430839
50.96414965986394
51.73437641723356
52.21628117913832
52.982834467120185
53.752857142857145
54.517165532879815
55.31149659863946
56.074829931972786
56.86866213151927
57.6324716553288
58.42285714285714
59.186462585034015
59.981201814058956
60.744739229024944
61.55462585034014
62.33256235827665
63.098027210884354
63.8943537414966
64.66022675736961
65.45183673469388
66.21766439909297
67.01369614512471
67.78013605442177
68.56362811791384
69.32804988662132
70.12140589569161
70.88512471655329
71.6801814058957
72.44333333333333
73.23666666666666
73.98863945578232
74.7702947845805
75.51868480725624
76.33732426303855
77.08721088435374
77.8859410430839
78.63521541950114
79.83385487528345
80.64956916099773
81.40024943310658
82.1915873015873
82.94151927437642
83.74163265306123
84.4921768707483
85.30092970521542
86.05208616780045
87.24095238095238
88.01616780045352
88.7658276643991
89.4363492063492
90.18612244897959
90.90639455782313
91.65680272108844
92.45260770975057
93.20303854875283
94.01521541950113
94.75365079365079
95.83489795918368
96.61773242630386
97.38108843537415
98.17934240362811
98.94460317460317
99.73530612244897
100.50027210884353
101.30036281179139
102.06510204081633
102.86081632653061
103.6280045351474
104.41684807256236
105.18297052154195
105.9702947845805
106.73530612244897
107.52748299319728
108.29213151927438
109.0887074829932
109.85537414965987
110.6191836734694
111.40294784580499
112.16498866213152
112.90068027210884
113.65959183673469
114.52555555555556
115.28596371882087
116.52222222222223
118.01791383219954
118.76662131519275
119.95224489795919
120.72954648526077
121.47646258503401
122.18176870748299
122.92848072562359
123.82390022675737
124.57088435374149
125.39047619047619
126.13913832199546
126.63551020408163
127.38399092970522
128.17285714285714
128.92077097505668
129.71120181405897
130.45907029478457
131.27544217687074
132.0231746031746
132.82249433106577
133.5694784580499
134.01816326530613
134.7653514739229
135.55684807256236
136.30442176870747
137.10353741496598
137.8502947845805
138.65709750566893
139.40408163265306
140.15609977324263
140.90244897959184
141.6587755102041
142.4049433106576
143.17160997732427
143.91850340136054
144.69485260770975
145.44231292517006
146.10766439909298
146.8570068027211
147.61324263038549
148.3598185941043
149.0985941043084
149.84632653061223
150.39362811791383
151.16024943310657
151.95122448979592
152.71927437641725
153.52993197278911
154.29809523809524
155.08049886621316
155.84873015873015
156.56761904761905
157.31852607709752
157.9806349206349
158.7209297052154
159.3436507936508
160.0821088435374
160.8309977324263
161.56750566893425
162.50149659863945
163.24163265306123
163.8214058956916
164.55732426303854
165.6384126984127
166.67195011337867
167.69514739229024
168.80063492063493
169.8598185941043
171.0389342403628
171.79433106575965
172.98015873015873
173.73451247165534
174.48131519274375
175.23090702947846
175.93925170068027
176.68886621315193
177.25619047619048
178.0054195011338
178.83068027210885
179.58208616780044
180.3788888888889
181.12918367346938
181.9109977324263
182.6598866213152
183.85777777777778
184.63251700680271
185.38185941043085
186.19172335600908
186.94126984126984
187.74566893424037
188.4961224489796
189.34249433106575
190.09251700680272
190.72829931972788
191.47702947845804
192.0742857142857
192.8234013605442
193.6343990929705
194.38163265306122
195.16818594104308
195.91743764172335
196.73696145124717
197.48725623582766
198.6731292517007
199.46238095238095
200.21145124716554
200.94995464852607
201.69809523809525
202.46092970521542
203.2104761904762
204.1618140589569
204.90551020408162
205.57172335600907
206.204126984127
206.71
207.3734240362812
208.27034013605441
209.07219954648525
209.8924716553288
210.69201814058957
211.45802721088435
212.25839002267574
212.64253968253968
