1.583718820861678
2.1241950113378687
2.664671201814059
3.284036281179138
3.8380725623582768
4.392108843537415
4.92843537414966
5.4780045351473925
6.017845804988662
6.564784580498866
7.111700680272109
7.673514739229025
8.219251700680273
8.76498866213152
9.33344671201814
9.87780045351474
10.428072562358278
10.97278911564626
11.517505668934241
12.367165532879818
12.910997732426305
13.575238095238095
14.121337868480726
14.667437641723357
15.226213151927437
15.771746031746032
16.46201814058957
16.87185941043084
17.28170068027211
17.69154195011338
18.03832199546485
18.445759637188207
18.853197278911566
19.26063492063492
19.520566893424036
19.925079365079366
20.329591836734693
20.734104308390023
21.334807256235827
21.736031746031745
22.137233560090703
22.568684807256236
22.970997732426305
23.373333333333335
23.786054421768707
24.18873015873016
24.591428571428573
24.99410430839002
25.31936507936508
25.723877551020408
26.128390022675738
26.532879818594104
26.92732426303855
27.333378684807258
27.739433106575962
28.14548752834467
28.53358276643991
28.939342403628117
29.345102040816325
29.771632653061225
30.18095238095238
30.590272108843536
30.999614512471656
31.448548752834466
31.998072562358278
32.54757369614512
33.09292517006803
33.63977324263038
34.18573696145125
34.729954648526075
35.274195011337866
35.83024943310657
36.373718820861676
36.91718820861678
37.485827664399096
38.02950113378685
38.573197278911564
39.029818594104306
39.57551020408163
40.13961451247165
40.68614512471655
41.232675736961454
41.66680272108844
42.21367346938776
42.76052154195011
43.31721088435374
43.863832199546486
44.41045351473923
45.25317460317461
45.8
46.3275283446712
46.871632653061226
47.415736961451245
47.990702947845804
48.53519274376417
49.106145124716555
49.65120181405896
50.19625850340136
50.764263038548755
51.311451247165536
51.858662131519274
52.42111111111111
52.9678231292517
53.527256235827664
54.07337868480726
54.61947845804988
55.17333333333333
55.718639455782316
56.263945578231294
56.81689342403628
57.35972789115646
57.920362811791385
58.46315192743764
59.00596371882086
59.590272108843536
60.134739229024945
60.679206349206346
61.24798185941043
61.79473922902494
62.34149659863946
62.89122448979592
63.436893424036285
64.00467120181406
64.55034013605442
65.09600907029478
65.66725623582767
66.21267573696146
66.75807256235828
67.30131519274376
67.84566893424036
68.39539682539683
68.9381179138322
69.48083900226757
70.0411111111111
70.5826984126984
71.12430839002268
71.69857142857143
72.24283446712018
72.80541950113378
73.34995464852608
73.8944671201814
74.47083900226757
75.01641723356009
75.56201814058957
76.13195011337868
76.6790022675737
77.26331065759638
77.81208616780046
78.36086167800454
78.92585034013605
79.47408163265307
80.02231292517007
80.57201814058956
81.11832199546485
81.66462585034013
82.20863945578232
82.75272108843538
83.32562358276644
83.87040816326531
84.41519274376417
84.98108843537415
85.52666666666667
86.07222222222222
86.6573469387755
87.20399092970521
87.75383219954648
88.29909297052154
88.8443537414966
89.40562358276644
89.94977324263039
90.49390022675738
91.0582993197279
91.60163265306123
92.16349206349206
92.70907029478458
93.25464852607709
93.83106575963718
94.37748299319728
94.92387755102041
95.488231292517
96.03385487528345
96.58934240362812
97.13378684807256
97.67823129251701
98.23687074829932
98.78070294784581
99.3245351473923
99.88179138321995
100.42528344671202
100.96875283446713
101.48596371882086
102.02766439909297
102.55195011337868
103.0892970521542
103.62662131519275
104.23074829931973
104.7585260770975
105.28630385487529
105.89102040816327
106.44859410430838
107.1112925170068
107.66648526077097
108.22170068027211
108.77412698412698
109.32315192743764
109.87215419501133
110.41419501133787
110.95936507936509
111.50739229024943
112.05045351473923
112.59351473922902
113.16773242630386
113.71242630385487
114.25714285714285
114.8153514739229
115.35981859410431
115.9369387755102
116.48315192743765
117.02936507936508
117.60945578231292
118.15680272108844
118.7041723356009
119.26263038548753
119.81038548752835
120.35596371882086
120.90077097505669
121.44557823129252
121.99136054421768
122.53301587301587
123.0746485260771
123.63099773242631
124.17222222222222
124.71342403628118
125.30451247165533
125.84820861678004
126.4191156462585
126.96446712018141
127.5098185941043
128.0625850340136
128.60725623582766
129.1519501133787
129.71666666666667
130.26034013605442
130.81489795918367
131.35777777777778
131.90063492063493
132.47609977324262
133.02002267573695
133.56396825396826
134.13934240362812
134.68385487528346
135.23399092970521
135.77893424036282
136.32387755102042
136.8742403628118
137.41750566893424
137.96079365079365
138.51374149659864
139.0556009070295
139.59743764172336
140.1371655328798
140.67802721088435
141.1935827664399
141.73231292517008
142.27104308390022
142.93378684807257
143.46798185941043
144.00219954648526
144.54210884353742
145.06517006802721
145.64916099773242
146.19832199546485
146.7474603174603
147.29755102040815
147.84498866213153
148.39242630385488
148.94240362811792
149.4884126984127
150.03439909297052
150.47215419501134
151.01798185941044
151.56045351473924
152.1065306122449
152.65263038548753
153.22551020408164
153.77170068027212
154.3178911564626
155.14979591836735
155.6950113378685
156.24430839002267
156.78834467120183
157.332358276644
157.88190476190476
158.42455782312925
158.98278911564626
159.52512471655328
160.06743764172336
160.64045351473922
161.184693877551
161.72891156462586
162.29718820861677
162.84267573696144
163.38818594104308
163.94437641723357
164.48990929705215
165.04839002267573
165.59224489795918
166.13607709750568
166.6962811791383
167.239410430839
167.7825396825397
168.35458049886623
168.89820861678004
169.45798185941044
170.0031746031746
170.5483673469388
171.1217006802721
171.66741496598638
172.21312925170068
172.77671201814059
173.32083900226758
173.87725623582767
174.42083900226757
174.96444444444444
175.53392290249434
176.07827664399093
176.62263038548753
177.1941723356009
177.73975056689343
178.30444444444444
178.85015873015874
179.395873015873
179.95501133786848
180.50043083900226
181.0458276643991
181.60943310657598
182.1536507936508
182.6978911564626
183.25580498866213
183.79975056689344
184.36111111111111
184.90510204081633
185.44907029478458
186.0006575963719
186.54419501133788
187.08773242630386
187.59482993197278
188.1340589569161
188.6732879818594
189.19678004535146
189.73145124716552
190.35628117913834
190.88392290249433
191.4115419501134
191.8856462585034
192.43190476190478
192.97814058956916
193.52126984126983
194.06730158730159
194.61333333333334
195.45920634920634
196.00414965986394
196.55789115646257
197.10294784580498
197.6685260770975
198.21401360544218
198.7595238095238
199.32396825396825
199.86936507936508
200.41473922902495
200.97884353741497
201.52424036281178
202.09274376417233
202.63873015873017
203.184693877551
203.7565306122449
204.30344671201814
204.85038548752834
205.40571428571428
205.9515873015873
206.4974603174603
207.0395238095238
207.58396825396827
208.14433106575964
208.6874149659864
209.23049886621314
209.80045351473922
210.34399092970523
210.8875283446712
211.4581179138322
212.00108843537416
212.56736961451247
213.11213151927439
213.65689342403627
214.2152380952381
214.75979591836736
215.30433106575964
215.86646258503401
216.41167800453513
216.97873015873017
217.523537414966
218.06832199546486
218.63698412698412
219.18244897959184
219.7279365079365
220.30226757369616
220.84956916099773
221.41809523809525
221.96498866213153
222.51190476190476
223.0724716553288
223.61879818594105
224.16514739229024
224.72229024943312
225.2665986394558
225.81090702947847
226.3581179138322
226.9021768707483
227.47968253968253
228.02426303854875
228.568820861678
229.1157142857143
229.6591609977324
230.20260770975057
230.75662131519275
231.29922902494332
231.84845804988663
232.38829931972788
232.92814058956915
233.51174603174604
234.05532879818594
234.59891156462584
235.16473922902495
235.70895691609977
236.26954648526078
236.8146485260771
237.35977324263038
237.92208616780044
238.46628117913832
239.01045351473923
239.58503401360545
240.1307029478458
240.67637188208616
241.21979591836734
241.7647619047619
242.33437641723356
242.88068027210883
243.42698412698414
243.99063492063493
244.5345804988662
245.0785260770975
245.61004535147393
246.1531746031746
246.68675736961453
247.23195011337867
247.77714285714285
248.4675283446712
249.01074829931972
249.55396825396826
250.07956916099772
250.61678004535148
