2.9466041666666665
3.3403541666666667
3.7340833333333334
4.127833333333333
4.521583333333333
4.9153125
5.3090625
5.747541666666667
6.141875
6.5361875
6.9305208333333335
7.324854166666666
7.719166666666666
8.1135
8.548333333333334
8.942979166666667
9.337604166666667
9.732229166666666
10.126854166666666
10.5215
10.945479166666667
11.338854166666666
11.73225
12.125645833333333
12.519020833333334
12.912416666666667
13.3058125
13.682375
14.075770833333333
14.469166666666666
14.8625625
15.2559375
15.649333333333333
16.042729166666668
16.367083333333333
16.760520833333334
17.153979166666666
17.547416666666667
17.940875
18.3343125
18.72775
19.1590625
19.552458333333334
19.945875
20.339270833333334
20.7326875
21.126083333333334
21.5195
22.148104166666666
22.541645833333334
22.9351875
23.328708333333335
23.72225
24.115791666666667
24.5093125
24.962375
25.355583333333332
25.74877083333333
26.141979166666665
26.535166666666665
26.928354166666665
27.355729166666666
27.748895833333332
28.1420625
28.535229166666667
28.928395833333333
29.3215625
29.714729166666668
30.1525
30.545166666666667
30.937833333333334
31.3305
31.7231875
32.115854166666665
32.508520833333336
32.84925
33.24225
33.63527083333334
34.02829166666667
34.4213125
34.81433333333333
35.20735416666667
35.57058333333333
35.96360416666667
36.356625
36.74964583333333
37.14266666666666
37.53570833333333
37.92872916666666
38.36954166666667
38.762479166666665
39.15541666666667
39.54835416666667
39.941270833333334
40.334208333333336
40.72714583333333
41.17191666666667
41.5649375
41.95797916666667
42.35102083333334
42.7440625
43.13708333333334
43.530125
43.97929166666667
44.372145833333335
44.76497916666667
45.1578125
45.550666666666665
45.9435
46.336354166666666
46.585125
46.978145833333336
47.3711875
47.76422916666667
48.15725
48.550291666666666
48.943333333333335
49.36275
49.75564583333333
50.1485625
50.54147916666667
50.93439583333333
51.3273125
51.72020833333333
52.163270833333335
52.556354166666665
52.9494375
53.34252083333333
53.73560416666667
54.1286875
54.521770833333335
54.9421875
55.33504166666667
55.727895833333335
56.12075
56.51360416666667
56.90645833333333
57.389916666666664
57.78279166666667
58.175645833333334
58.5685
58.961375
59.35422916666667
59.74710416666667
60.375875
60.768166666666666
61.1604375
61.552708333333335
61.945
62.337270833333335
62.72954166666667
62.990375
63.383
63.77560416666667
64.16822916666666
64.56085416666667
64.95345833333333
65.34608333333334
65.7829375
66.17547916666666
66.56804166666667
66.96058333333333
67.35314583333333
67.7456875
68.13825
68.57175
68.96460416666666
69.35745833333333
69.7503125
70.14316666666667
70.53604166666666
70.92889583333333
71.17235416666666
71.56535416666667
71.95835416666667
72.35135416666667
72.74435416666667
73.13733333333333
73.53033333333333
73.78635416666667
74.17883333333333
74.57129166666667
74.96377083333333
75.35622916666667
75.74870833333334
76.14116666666666
76.58760416666667
76.98027083333334
77.37295833333333
77.765625
78.1583125
78.551
78.94366666666667
79.391875
79.78433333333334
80.17679166666667
80.56922916666667
80.9616875
81.35414583333333
81.74660416666667
82.1858125
82.5781875
82.9705625
83.3629375
83.7553125
84.1476875
84.5400625
84.9794375
85.37220833333333
85.76497916666666
86.15775
86.55054166666666
86.9433125
87.34935416666667
87.74197916666667
88.13460416666666
88.52722916666667
88.91985416666667
89.31247916666666
89.705125
90.1840625
90.576875
90.9696875
91.36247916666666
91.75529166666666
92.14808333333333
92.54089583333334
92.98966666666666
93.382
93.77433333333333
94.16666666666667
94.55902083333334
94.95135416666666
95.3436875
95.781375
96.17395833333333
96.56652083333333
96.95908333333334
97.35166666666667
97.74422916666667
98.13679166666667
98.59510416666667
98.98791666666666
99.38072916666667
99.77354166666667
100.16635416666666
100.55916666666667
100.952
101.3343125
101.72729166666667
102.12029166666666
102.51327083333334
102.90625
103.29925
103.69222916666666
104.0041875
104.39722916666666
104.79027083333334
105.18333333333334
105.576375
105.96941666666666
106.36247916666666
106.802125
107.19510416666667
107.58808333333333
107.9810625
108.37404166666667
108.76702083333333
109.16
109.4226875
109.81570833333333
110.20875
110.60177083333333
110.99479166666667
111.38783333333333
111.78085416666667
112.20766666666667
112.600875
112.99408333333334
113.38729166666667
113.7805
114.17370833333334
114.56689583333333
115.01175
115.40489583333333
115.79804166666666
116.19116666666666
116.5843125
116.9774375
117.41047916666666
117.80345833333334
118.19641666666666
118.589375
118.98233333333333
119.3753125
119.76827083333333
120.20545833333334
120.5983125
120.9911875
121.38404166666666
121.77689583333333
122.16977083333333
122.562625
122.90829166666667
123.3003125
123.69233333333334
124.08435416666667
124.47639583333333
124.86841666666666
125.2604375
125.815625
126.20741666666666
126.59920833333334
126.99097916666666
127.38277083333334
127.7745625
128.16635416666668
128.54708333333335
128.93847916666667
129.329875
129.72129166666667
130.1126875
130.50408333333334
130.89547916666666
131.39989583333335
131.79179166666665
132.18366666666665
132.5755625
132.96745833333333
133.35935416666666
133.82002083333333
134.21277083333334
134.60552083333334
134.99827083333332
135.39102083333333
135.78377083333334
136.1765
136.61952083333333
137.01247916666668
137.40545833333334
137.79841666666667
138.191375
138.58433333333332
138.9773125
139.35935416666666
139.7520625
140.14477083333333
140.53747916666666
140.9301875
141.32291666666666
141.715625
142.22127083333334
142.61383333333333
143.00639583333333
143.39897916666666
143.79154166666666
144.18410416666666
144.57666666666665
145.03252083333334
145.42533333333333
145.818125
146.21091666666666
146.60370833333334
146.9965
147.3893125
147.77083333333334
148.16304166666666
148.55522916666666
148.9474375
149.339625
149.73183333333333
150.12402083333333
150.44625
150.839
151.23175
151.62452083333332
152.01727083333333
152.41002083333333
152.80279166666668
153.20147916666667
153.59441666666666
153.98735416666668
154.3803125
154.77325
155.1661875
155.55914583333333
155.81127083333334
156.203875
156.59647916666665
156.98908333333333
157.3816875
157.77429166666667
158.16689583333334
158.61072916666666
159.00366666666667
159.39658333333333
159.78952083333334
160.1824375
160.575375
160.9683125
161.39610416666667
161.78808333333333
162.1800625
162.57204166666668
162.96402083333334
163.356
163.74797916666665
164.11441666666667
164.50714583333334
164.89985416666667
165.2925625
165.68529166666667
166.078
166.47072916666667
166.89910416666666
167.2915625
167.684
168.0764375
168.46889583333333
168.86133333333333
169.281375
169.67358333333334
170.06577083333335
170.45797916666666
170.8501875
171.242375
171.63458333333332
171.97989583333333
172.3723125
172.76475
173.1571875
173.54960416666665
173.94204166666665
174.33447916666665
174.76314583333334
175.15545833333334
175.54777083333335
175.94008333333332
176.33239583333332
176.72470833333333
177.11702083333333
177.56022916666666
177.95285416666667
178.34547916666668
178.73808333333332
179.13070833333333
179.5233125
179.9159375
180.34535416666668
180.737875
181.13039583333332
181.52291666666667
181.91545833333333
182.30797916666666
182.7005
183.15785416666668
183.55035416666666
183.94285416666668
184.33535416666666
184.72785416666667
185.120375
185.512875
185.93452083333332
186.3268125
186.71910416666665
187.11139583333335
187.5036875
187.89595833333334
188.28825
188.52616666666665
188.918375
189.3105625
189.70277083333335
190.09495833333332
190.48716666666667
190.879375
191.31985416666666
191.7119375
192.104
192.4960625
192.888125
193.2801875
193.67225
194.11120833333334
194.503125
194.89504166666666
195.28697916666667
195.67889583333334
196.0708125
196.46272916666666
196.90089583333332
197.29304166666665
197.6851875
198.07733333333334
198.46947916666667
198.86160416666667
199.25375
199.595375
199.98735416666668
200.37933333333334
200.77129166666666
201.16327083333334
201.55525
201.94722916666666
202.287875
202.68
203.072125
203.46422916666666
203.85635416666668
204.24847916666667
204.64058333333332
205.07935416666666
205.47135416666666
205.86333333333334
206.2553125
206.6473125
207.03929166666666
207.43129166666668
207.85872916666668
208.25077083333332
208.64283333333333
209.034875
209.4269375
209.81897916666668
210.2510625
210.642875
211.03466666666668
211.42647916666667
211.81829166666665
212.21008333333333
212.60189583333334
212.9825
213.37377083333334
213.76504166666666
214.1563125
214.54758333333334
214.93885416666666
215.330125
215.70989583333332
216.10033333333334
216.49075
216.8811875
217.271625
217.66204166666665
218.05247916666667
218.44
218.83041666666668
219.2208125
219.61120833333334
220.00160416666668
220.39202083333333
220.78241666666668
221.229625
221.62016666666668
222.01070833333333
222.40127083333334
222.7918125
223.18235416666667
223.57289583333332
224.03322916666667
224.42477083333333
224.8163125
225.20783333333333
225.599375
225.99089583333333
226.3824375
226.82983333333334
227.22222916666666
227.614625
228.00704166666668
228.3994375
228.79183333333333
229.18422916666665
229.56620833333332
229.958875
230.35152083333332
230.74416666666667
231.1368125
231.52947916666668
231.922125
232.30341666666666
232.695375
233.08733333333333
233.47929166666665
233.87127083333334
234.26322916666666
234.6551875
235.24310416666665
235.63527083333332
236.0274375
236.41958333333332
236.81175
237.20389583333332
237.632125
238.02410416666666
238.41608333333335
238.8080625
239.20004166666666
239.59202083333332
239.984
240.4464375
240.83870833333333
241.23097916666666
241.62322916666668
242.0155
242.40777083333333
242.80002083333332
243.24254166666665
243.63504166666667
244.02752083333334
244.42002083333333
244.8125
245.20497916666667
245.59747916666666
246.04708333333335
246.43933333333334
246.83158333333333
247.22385416666665
247.61610416666667
248.00835416666666
248.40060416666665
248.64297916666666
249.03516666666667
249.42735416666667
249.81954166666668
250.21172916666666
250.60389583333333
250.99608333333333
251.25620833333332
251.648125
252.04004166666667
252.43195833333334
252.823875
253.21579166666666
253.60770833333333
254.06677083333332
254.45929166666667
254.85183333333333
255.24435416666665
255.636875
256.0294166666667
256.4219375
256.8035
257.1957291666667
257.58795833333335
257.9801875
258.3723958333333
258.764625
259.1568541666667
259.65014583333334
260.04204166666665
260.4339166666667
260.82579166666665
261.2176875
261.6095625
262.00145833333335
262.3828125
262.77483333333333
263.16683333333333
263.55885416666666
263.950875
264.34289583333333
264.73491666666666
265.23647916666664
265.6280625
266.019625
266.4111875
266.80277083333334
267.19433333333336
267.66004166666664
268.05145833333336
268.442875
268.83427083333333
269.2256875
269.61710416666665
270.0085
270.38925
270.7806458333333
271.17204166666664
271.56345833333336
271.9548541666667
272.34625
272.73766666666666
273.07539583333335
273.46739583333334
273.859375
274.251375
274.64335416666665
275.03535416666665
275.4273333333333
275.87652083333336
276.26927083333334
276.66204166666665
277.0547916666667
277.4475625
277.8403125
278.2330625
278.6778541666667
279.0711875
279.4645208333333
279.85785416666664
280.2511875
280.64452083333333
281.037875
281.48295833333333
281.87654166666664
282.27010416666667
282.6636875
283.05725
283.4508333333333
283.8444166666667
284.27985416666667
284.67329166666667
285.06675
285.46020833333336
285.85366666666664
286.24710416666665
286.6405625
286.8955
287.289
287.68247916666667
288.0759791666667
288.46947916666664
288.86297916666666
289.2564791666667
289.68177083333336
290.0752708333333
290.46877083333334
290.86227083333335
291.25575
291.64925
292.04275
292.47979166666664
292.8735208333333
293.26722916666665
293.6609583333333
294.0546875
294.44839583333334
294.842125
295.2993125
295.69297916666665
296.086625
296.4802916666667
296.8739375
297.2676041666667
297.6879583333333
298.08166666666665
298.475375
298.8690833333333
299.26279166666666
299.65652083333333
300.05022916666667
300.4861041666667
300.8797916666667
301.27345833333334
301.66714583333334
302.06083333333333
302.45452083333333
302.84820833333333
303.2878958333333
303.681625
304.07535416666667
304.46908333333334
304.8628125
305.2565416666667
305.6502708333333
306.09133333333335
306.4850833333333
306.8788333333333
307.27258333333333
307.66633333333334
308.0601041666667
308.45385416666664
308.8950625
309.28877083333333
309.6825
310.07620833333334
310.4699375
310.86364583333335
311.2965625
311.6904583333333
312.08433333333335
312.47822916666667
312.87210416666665
313.266
313.659875
314.09041666666667
314.48379166666666
314.8771458333333
315.2705208333333
315.66389583333336
316.05727083333335
316.45064583333334
316.8955625
317.2892708333333
317.6829583333333
318.07666666666665
318.470375
318.8640833333333
319.25779166666666
319.6083541666667
320.00210416666664
320.39585416666665
320.78960416666666
321.1833541666667
321.577125
321.970875
322.412375
322.80608333333333
323.19979166666667
323.59352083333334
323.9872291666667
324.3809375
324.77464583333335
325.21075
325.6044375
325.99814583333335
326.39183333333335
326.7855416666667
327.17925
327.5729375
327.92075
328.31435416666665
328.70795833333335
329.10158333333334
329.4951875
329.8888125
330.2824166666667
330.7135625
331.10735416666665
331.50114583333334
331.8949166666667
332.2887083333333
332.6825
333.0762916666667
333.3282708333333
333.7221875
334.1161041666667
334.51002083333333
334.90391666666665
335.29783333333336
335.69175
336.11525
336.5091875
336.9031458333333
337.2970833333333
337.6910208333333
338.08495833333336
338.47889583333335
338.9133958333333
339.307375
339.701375
340.09535416666665
340.48935416666666
340.8833333333333
341.27733333333333
341.6336875
342.0275833333333
342.4214583333333
342.8153541666667
343.20925
343.603125
343.99702083333335
344.331125
344.725
345.118875
345.51275
345.906625
346.3005
346.694375
347.1245625
347.5184375
347.9123333333333
348.30620833333336
348.7001041666667
349.09397916666666
349.71133333333336
