1.613514739229025
1.819546485260771
2.0256009070294785
2.2316326530612245
2.437687074829932
2.643718820861678
2.8497732426303855
3.119342403628118
3.386235827664399
3.6531519274376416
3.920045351473923
4.186961451247165
4.568934240362812
4.912698412698413
5.256439909297052
5.600204081632653
5.941972789115646
6.439773242630386
6.937596371882086
7.429773242630385
7.927755102040816
8.425759637188209
9.320340136054421
9.770544217687075
10.220725623582766
10.66344671201814
11.111972789115645
11.560498866213152
12.071836734693878
12.588979591836734
13.106099773242631
13.594467120181406
14.088616780045351
14.582789115646259
15.081587301587302
15.586213151927439
16.09081632653061
16.588185941043083
17.091337868480725
17.594489795918367
18.085827664399094
18.58297052154195
19.080113378684807
19.571383219954647
20.068480725623584
20.565578231292516
21.05687074829932
21.553968253968254
22.05108843537415
22.542925170068028
23.040566893424035
23.538185941043086
24.030045351473923
24.52768707482993
25.025328798185942
25.51732426303855
26.015124716553288
26.512902494331065
27.00421768707483
27.501337868480725
27.998480725623583
28.490113378684807
28.987551020408162
29.48498866213152
29.908866213151928
30.405510204081633
30.902131519274377
31.377709750566893
31.87630385487528
32.37489795918367
32.867936507936506
33.36675736961451
33.86560090702948
34.35859410430839
34.857392290249436
35.35619047619048
35.84820861678005
36.34603174603175
36.84385487528345
37.3359410430839
37.83385487528345
38.33176870748299
38.823356009070295
39.320748299319725
39.818163265306126
40.309433106575966
40.8065306122449
41.30362811791383
41.79501133786848
42.2921768707483
42.78934240362812
43.28079365079365
43.778072562358275
44.2753514739229
44.76632653061225
45.26312925170068
45.759909297052154
46.25079365079365
46.74750566893424
47.244195011337865
47.73548752834467
48.232562358276645
48.72965986394558
49.21213151927438
49.709319727891156
50.2065306122449
50.6981179138322
51.195510204081636
51.692902494331065
52.184331065759636
52.68156462585034
53.17877551020408
53.6702947845805
54.167596371882084
54.664897959183676
55.156666666666666
55.654263038548756
56.15185941043084
56.64365079365079
57.14126984126984
57.638888888888886
58.13018140589569
58.62727891156462
59.12437641723356
59.6156462585034
60.11272108843537
60.60979591836735
61.10108843537415
61.59820861678005
62.09530612244898
62.58689342403628
63.08430839002268
63.58172335600907
64.07312925170068
64.57031746031745
65.0675283446712
65.5592970521542
66.05687074829932
66.55444444444444
67.04571428571428
67.54281179138322
68.03990929705215
68.53122448979592
69.02836734693878
69.52548752834467
70.01675736961451
70.51385487528344
71.01095238095238
71.50238095238095
71.9995918367347
72.4968253968254
72.98868480725623
73.4863492063492
73.98401360544217
74.47560090702947
74.97297052154195
75.47034013605442
75.96208616780045
76.45961451247166
76.95716553287981
77.44861678004536
77.94589569160998
78.44315192743764
78.93396825396826
79.430589569161
79.92721088435374
80.41791383219955
80.91444444444444
81.41095238095238
81.90226757369615
82.39938775510204
82.8965306122449
83.38791383219954
83.88510204081632
84.38231292517007
84.85512471655329
85.35244897959184
85.84975056689342
86.34131519274376
86.83825396825397
87.33519274376417
87.83866213151927
88.33537414965987
88.8320634920635
89.32140589569161
89.81657596371882
90.31174603174603
90.80086167800454
91.29580498866213
91.79074829931973
92.28272108843538
92.78052154195011
93.27832199546485
93.77083900226758
94.26916099773243
94.76748299319728
95.26
95.75834467120181
96.25668934240363
96.74927437641723
97.24768707482993
97.74609977324263
98.2653514739229
98.76253968253968
99.2597052154195
99.72408163265307
100.22278911564626
100.72149659863946
101.48501133786849
102.00233560090703
102.51208616780045
103.02764172335601
103.54319727891156
104.08732426303855
104.60185941043083
105.11637188208617
105.7947619047619
106.3040589569161
106.81335600907029
107.1824716553288
107.6947619047619
108.20702947845805
108.78746031746032
109.29807256235827
109.8087074829932
110.38430839002268
110.89514739229026
111.40600907029479
111.80469387755102
112.33909297052155
112.87346938775511
113.29206349206349
113.82478458049887
114.35750566893424
114.92517006802721
115.45721088435374
115.97993197278912
116.50848072562358
117.0370068027211
117.74544217687075
118.19195011337868
118.63845804988662
119.00832199546485
119.44934240362812
119.89034013605442
120.33136054421769
120.7654648526077
121.2053514739229
121.6452380952381
122.08002267573696
122.52061224489796
122.96120181405895
123.39451247165533
123.83362811791383
124.27274376417233
124.71185941043083
125.22018140589569
125.6608843537415
126.10156462585034
126.53591836734694
126.97607709750567
127.4162358276644
127.8514739229025
128.29253968253968
128.73358276643992
129.17462585034014
129.50503401360544
129.94480725623583
130.38455782312926
130.81979591836733
131.2608163265306
131.70185941043084
132.14290249433105
132.57807256235827
133.01904761904763
133.46002267573695
133.8955328798186
134.33684807256236
134.77814058956915
135.27374149659863
135.77512471655328
136.27650793650793
136.76680272108842
137.26287981859412
137.75895691609978
138.24820861678003
138.74324263038548
139.2382993197279
139.84764172335602
140.34394557823128
140.84024943310658
141.33006802721087
141.82566893424035
142.3212925170068
142.81208616780046
143.30868480725624
143.80530612244897
144.5604081632653
145.0556009070295
145.55077097505668
145.96659863945578
146.4626530612245
146.95873015873016
147.36555555555555
147.85988662131518
148.35421768707482
148.84272108843538
149.33705215419502
149.83138321995466
150.19698412698412
150.69106575963718
151.18514739229025
151.69290249433107
152.18786848072563
152.68285714285713
153.20176870748298
153.69625850340137
154.19074829931972
154.68038548752835
155.17585034013607
155.6712925170068
156.1609977324263
156.65648526077098
157.15197278911563
157.64251700680273
158.13884353741497
158.63519274376418
159.12637188208618
159.62333333333333
160.12031746031747
160.61097505668934
161.10743764172335
161.60390022675736
162.093537414966
162.58897959183673
163.08442176870747
163.57374149659864
164.06886621315192
164.56396825396826
165.05360544217686
165.54907029478457
166.04451247165534
166.77628117913832
167.27172335600906
167.76718820861677
168.25736961451247
168.75333333333333
169.24931972789116
169.74702947845805
170.25054421768706
170.7540589569161
171.2462358276644
171.74421768707484
172.24219954648527
172.7342857142857
173.2321768707483
173.73004535147393
174.22219954648526
174.72015873015874
175.2181179138322
175.71072562358276
176.20916099773243
176.7075963718821
177.16739229024944
177.6662358276644
178.16507936507938
178.6574149659864
179.15555555555557
179.6536961451247
179.96138321995466
180.4585941043084
180.9558276643991
181.4470068027211
181.94399092970522
182.4409977324263
182.93367346938774
183.43215419501135
183.93063492063493
184.4234013605442
184.92195011337867
185.4205215419501
185.9130612244898
186.41140589569162
186.90975056689342
187.40163265306123
187.89931972789117
188.39702947845805
188.8890022675737
189.38680272108843
189.88460317460317
190.3765759637188
190.8743537414966
191.37213151927438
191.86410430839
192.3618820861678
192.85965986394558
193.3512925170068
193.84875283446712
194.3461904761905
195.0601814058957
195.55755102040817
196.05492063492065
196.4808163265306
196.9125396825397
197.3442403628118
197.76396825396824
198.18950113378685
198.61503401360545
199.04056689342403
199.46038548752836
199.88598639455782
200.31160997732425
200.7312925170068
201.15680272108844
201.58231292517007
202.00780045351473
202.42712018140588
202.8522448979592
203.27736961451248
203.7443537414966
204.21714285714285
204.6899319727891
205.1517006802721
205.61927437641722
206.08684807256236
206.5485260770975
207.0159863945578
207.48344671201815
207.95090702947846
208.41179138321996
208.87845804988663
209.3451247165533
209.8191156462585
210.2851700680272
210.75124716553287
211.11970521541951
211.5849886621315
212.05027210884353
212.50916099773244
212.97387755102042
213.43857142857144
213.90326530612245
214.58233560090702
215.0486394557823
215.50927437641724
215.97569160997733
216.44213151927437
216.90857142857143
217.36333333333334
217.8293650793651
218.29541950113378
218.67154195011338
219.20473922902494
219.73795918367347
220.17458049886622
220.70272108843537
221.23083900226757
221.79746031746032
222.32589569161
222.85433106575962
223.24580498866214
223.77374149659863
224.30170068027212
224.6729931972789
225.2005215419501
225.7280498866213
226.2499319727891
226.77759637188208
227.30528344671202
227.77566893424037
228.30321995464854
229.35292517006803
229.88068027210883
230.4026530612245
230.93043083900227
231.45820861678004
231.9467120181406
232.44102040816327
232.93532879818594
233.50242630385486
233.99061224489796
234.47879818594103
234.96181405895692
235.4506349206349
235.93945578231293
236.39467120181405
236.88555555555556
237.37643990929706
237.85648526077097
238.34743764172336
238.8384126984127
239.47478458049886
239.8984580498866
240.32213151927436
240.73986394557824
241.16342403628119
241.58698412698413
242.01054421768708
242.41755102040815
242.83038548752833
243.24319727891157
243.65603174603174
244.09294784580499
244.50909297052155
244.92521541950114
245.33598639455784
245.7525850340136
246.16916099773243
246.58573696145126
246.99791383219954
247.41587301587302
247.83385487528344
248.24913832199547
248.67022675736962
249.09131519274376
249.51238095238097
249.92172335600907
250.33684807256236
250.75197278911565
251.16233560090703
251.5784807256236
251.99462585034013
252.4107709750567
254.88791383219956
255.30213151927438
255.711179138322
256.12603174603174
256.5408843537415
256.95575963718824
