1.7545124716553289
2.5521768707482995
3.706167800453515
5.272857142857143
6.616938775510204
8.201882086167801
9.78829931972789
11.249773242630386
12.288367346938776
14.264557823129252
15.318662131519275
16.378231292517007
17.405895691609977
18.486235827664398
19.454897959183672
20.48294784580499
21.404897959183675
22.460589569160998
23.48920634920635
24.5718820861678
25.59950113378685
26.62630385487528
27.48766439909297
28.53657596371882
29.565532879818594
30.610884353741497
31.672448979591838
32.74764172335601
33.77562358276644
34.86174603174603
35.93151927437642
36.95988662131519
38.02467120181406
39.07748299319728
40.10467120181406
41.131292517006806
42.19689342403628
43.31219954648526
44.341133786848076
45.45433106575964
46.50244897959184
47.56458049886621
48.59394557823129
49.67192743764172
50.72571428571428
51.75283446712018
52.83219954648526
53.902902494331066
54.96163265306122
55.988571428571426
57.32507936507937
58.390408163265306
59.45015873015873
60.475963718820864
61.5578231292517
62.629002267573696
63.65750566893424
64.6159410430839
65.5331746031746
66.56043083900227
67.63548752834467
68.68780045351474
69.71582766439909
70.56179138321995
71.61253968253968
72.64102040816327
73.70773242630385
74.7809977324263
75.82907029478459
76.8575283446712
77.95959183673469
79.01873015873016
80.04736961451248
81.13680272108843
82.18290249433106
83.24514739229025
84.27303854875284
85.36312925170068
86.40907029478458
87.43818594104309
88.52467120181406
89.59034013605442
90.92444444444445
91.95360544217687
93.00730158730158
94.06988662131519
95.13414965986395
96.16197278911565
97.24705215419502
98.56179138321995
99.61916099773242
100.64335600907029
101.73383219954648
102.7967120181406
103.8227664399093
104.79260770975057
105.70156462585034
106.72818594104308
107.82160997732426
108.8675283446712
109.92437641723356
110.95056689342404
112.03709750566894
113.09551020408163
114.12222222222222
115.72798185941043
116.5384126984127
117.589410430839
118.61312925170068
119.69954648526077
120.76621315192743
121.82478458049887
122.85290249433106
123.93081632653062
124.98183673469387
126.01068027210884
127.09585034013605
128.15947845804988
129.22083900226758
130.2502947845805
131.3231746031746
132.38907029478457
133.41775510204081
134.50079365079364
135.56052154195012
136.58950113378685
137.55655328798187
138.48156462585035
139.5090476190476
140.55356009070294
141.61832199546484
142.674716553288
143.70249433106576
144.7798866213152
145.83034013605442
146.85777777777778
147.94684807256235
149.00655328798186
150.0707709750567
151.1000453514739
152.18319727891156
153.2461224489796
154.27430839002267
155.36696145124716
156.40510204081633
157.45743764172335
158.48478458049885
159.59081632653061
160.64337868480726
161.67061224489797
162.6584126984127
163.5846031746032
164.61480725623582
165.67743764172334
166.48156462585035
167.5089342403628
168.5774149659864
169.6280498866213
170.6554195011338
171.49784580498866
172.55081632653062
173.57854875283448
174.64743764172334
175.71174603174603
176.77183673469386
177.79750566893424
178.87222222222223
179.940589569161
180.96868480725624
182.0477097505669
183.11927437641722
184.147641723356
184.9656462585034
186.01877551020408
187.04634920634922
188.13126984126984
189.1901133786848
190.24891156462584
191.2755328798186
192.36702947845805
193.41836734693877
194.44414965986394
195.52755102040817
196.59301587301587
197.65770975056688
198.68707482993196
199.76392290249433
200.81503401360544
201.84433106575963
202.92396825396824
203.9915873015873
205.0558276643991
206.08433106575964
207.15954648526076
208.46274376417233
209.52732426303854
210.55748299319728
