2.6975625
3.2626875
3.8277916666666667
4.392916666666666
4.958020833333333
6.238229166666667
7.197708333333333
8.446333333333333
9.402666666666667
10.359
11.742791666666667
12.690916666666666
14.167520833333333
15.108395833333333
16.049270833333335
17.013916666666667
17.947479166666668
18.8810625
19.862041666666666
20.7955
21.728958333333335
22.298395833333334
23.231395833333334
24.164416666666668
25.154791666666668
26.086
27.017229166666667
27.7828125
28.715854166666666
29.64891666666667
30.842625
31.775916666666667
32.8143125
33.747375
34.680458333333334
35.64375
36.5760625
37.508375
38.479875
39.411791666666666
40.3436875
41.36439583333333
42.295625
43.22685416666667
44.2038125
45.13452083333333
46.06522916666667
47.053625
47.9854375
48.91725
49.754083333333334
50.685208333333335
51.61635416666667
52.533479166666666
53.46389583333333
54.394333333333336
55.30229166666667
56.23160416666666
57.160895833333335
58.030458333333335
58.96147916666666
59.892520833333336
60.882125
61.81760416666667
62.8020625
63.737291666666664
64.67252083333334
65.6363125
66.56652083333333
67.49672916666667
68.46366666666667
69.38927083333333
70.314875
71.14347916666667
72.06783333333334
72.9921875
74.19177083333334
75.1143125
76.03685416666667
76.8675625
77.78704166666667
78.70652083333333
79.656625
80.58072916666667
81.5048125
82.35866666666666
83.29010416666667
84.22154166666667
85.1666875
86.09445833333334
87.02222916666666
88.00454166666667
88.92514583333333
89.84575
90.84108333333333
91.76333333333334
92.68558333333333
93.43641666666667
94.36052083333334
95.284625
96.26175
97.1861875
98.11064583333334
98.92091666666667
99.84641666666667
100.77191666666667
101.49972916666667
102.42195833333334
103.34420833333333
104.31029166666667
105.23275
106.15522916666667
107.12408333333333
108.04125
108.95841666666666
109.72854166666667
110.64397916666667
111.55941666666666
112.44916666666667
113.36027083333333
114.27135416666667
114.92879166666667
115.84077083333334
116.75272916666667
117.65352083333333
118.57745833333334
119.50141666666667
120.2203125
121.1525625
122.08479166666666
123.03589583333333
123.9626875
124.88947916666666
126.33775
127.26647916666667
128.19522916666668
128.93941666666666
129.8608125
130.78222916666667
131.68039583333334
132.59991666666667
133.51941666666667
134.3988125
135.31995833333335
136.241125
137.21547916666665
138.136125
139.05679166666667
140.03525
140.9558125
141.876375
142.78385416666666
143.70104166666667
144.61825
145.223625
146.13772916666667
147.05185416666666
147.77647916666666
148.68277083333334
149.5890625
150.3389375
151.24760416666666
152.15627083333334
153.16933333333333
154.09120833333333
155.0130625
156.03477083333334
156.95860416666667
157.8824375
158.8986875
159.82064583333334
160.742625
161.70547916666666
162.62229166666665
163.539125
164.52627083333334
165.444875
166.3635
167.35904166666666
168.2754375
169.19183333333334
169.76233333333334
170.6791875
171.5960625
172.58527083333334
173.50160416666668
174.4179375
175.26733333333334
176.18664583333333
177.10595833333332
178.211625
179.132875
180.054125
180.94995833333334
181.867125
182.78429166666666
183.47714583333334
184.39060416666666
185.30408333333332
186.25183333333334
187.15902083333333
188.06620833333332
189.04075
189.94483333333332
190.84891666666667
191.79595833333335
192.69789583333332
193.59983333333332
194.47579166666668
195.3730625
196.27033333333333
197.06464583333334
197.95810416666666
198.8515625
199.71602083333335
200.60179166666666
201.4875625
202.35016666666667
203.234125
204.1180625
204.98547916666666
205.87420833333334
206.76295833333333
207.626875
208.51210416666666
209.39735416666667
210.20027083333332
211.0826875
211.96510416666666
212.84752083333333
213.7023125
