2.7823333333333333
3.1451875
3.5080416666666667
3.8709166666666666
4.233770833333334
4.596625
4.9595
5.322354166666667
5.734270833333333
6.096166666666667
6.4580416666666665
6.819916666666667
7.1818125
7.5436875
7.905583333333333
8.314541666666667
8.676708333333334
9.038895833333333
9.4010625
9.76325
10.125416666666666
10.487604166666667
10.849770833333332
11.140708333333333
11.5024375
11.864145833333334
12.225875
12.587604166666667
12.949333333333334
13.311041666666666
13.837416666666666
14.199354166666666
14.561270833333333
14.9231875
15.285104166666667
15.647020833333332
16.008958333333332
16.428270833333332
16.7903125
17.152375
17.514416666666666
17.876479166666666
18.238520833333332
18.600583333333333
18.962645833333333
19.360583333333334
19.722125
20.0836875
20.44525
20.806791666666665
21.168354166666667
21.529916666666665
21.943125
22.304625
22.666145833333335
23.027645833333334
23.389145833333334
23.750645833333333
24.112145833333333
24.473645833333332
24.8383125
25.199854166666668
25.561395833333332
25.922958333333334
26.2845
26.646041666666665
27.007583333333333
27.3471875
27.708395833333334
28.069604166666668
28.4308125
28.792020833333332
29.153229166666666
29.5144375
29.875645833333333
30.225979166666665
30.58695833333333
30.947958333333332
31.308958333333333
31.669958333333334
32.0309375
32.3919375
33.01708333333333
33.37820833333333
33.739354166666665
34.100479166666666
34.46160416666667
34.82272916666667
35.183875
35.60395833333333
35.96475
36.325520833333336
36.68629166666667
37.0470625
37.40785416666667
37.768625
38.129395833333334
38.479729166666665
38.84072916666667
39.20175
39.56275
39.92375
40.28475
40.64575
40.96027083333333
41.32091666666667
41.6815625
42.0421875
42.402833333333334
42.76345833333333
43.12410416666667
43.48472916666667
43.9380625
44.29891666666666
44.65977083333333
45.020604166666665
45.381458333333335
45.7423125
46.10316666666667
46.488145833333334
46.84879166666666
47.20941666666667
47.5700625
47.9306875
48.2913125
48.65195833333333
49.01258333333333
49.241125
49.6021875
49.96325
50.324333333333335
50.68539583333333
51.046479166666664
51.40754166666667
51.76860416666667
52.02979166666667
52.39091666666667
52.75204166666666
53.113145833333334
53.474270833333335
53.83539583333334
54.1965
54.557625
55.13283333333333
55.49395833333333
55.85508333333333
56.216208333333334
56.577333333333335
56.93845833333334
57.55041666666666
57.911520833333334
58.272625
58.63372916666667
58.99483333333333
59.3559375
59.71704166666667
60.17122916666667
60.53370833333334
60.8961875
61.25864583333333
61.621125
61.983604166666666
62.3460625
62.70854166666667
63.24525
63.606541666666665
63.9678125
64.32910416666667
64.690375
65.05166666666666
65.4129375
65.81095833333333
66.17222916666667
66.5335
66.89475
67.25602083333334
67.61729166666667
67.9785625
68.38677083333333
68.74825
69.10972916666667
69.4711875
69.83266666666667
70.194125
70.55560416666667
70.91708333333334
71.35291666666667
71.71470833333333
72.07647916666667
72.43827083333333
72.8000625
73.16185416666667
73.52364583333333
73.93041666666667
74.29245833333333
74.65452083333334
75.0165625
75.378625
75.74066666666667
76.10272916666666
76.51035416666667
76.87222916666667
77.234125
77.596
77.957875
78.31975
78.68164583333333
79.04352083333333
79.450875
79.81304166666666
80.17522916666667
80.53739583333333
80.89958333333334
81.26175
81.6239375
82.02341666666666
82.3853125
82.7471875
83.1090625
83.47095833333333
83.83283333333334
84.19472916666666
84.55660416666667
84.8399375
85.201875
85.56379166666666
85.92572916666667
86.28766666666667
86.64958333333334
87.01152083333334
87.386625
87.74822916666666
88.10983333333333
88.4714375
88.83304166666667
89.19464583333334
89.55625
89.91785416666667
90.39222916666667
90.753625
91.115
91.47639583333333
91.83779166666666
92.19916666666667
92.5605625
93.10189583333333
93.46310416666667
93.82433333333333
94.1855625
94.54677083333333
94.908
95.26920833333334
95.6813125
96.0424375
96.4035625
96.76466666666667
97.12579166666667
97.48691666666667
97.84804166666666
98.20916666666666
98.48997916666667
98.85072916666667
99.21147916666666
99.57225
99.933
100.29377083333334
100.65452083333334
101.19866666666667
101.5600625
101.92145833333333
102.282875
102.64427083333334
103.0056875
103.36708333333333
103.77870833333333
104.1400625
104.50141666666667
104.86275
105.22410416666666
105.58545833333334
105.9468125
106.30816666666666
106.73472916666667
107.0964375
107.45816666666667
107.819875
108.18158333333334
108.54329166666666
108.905
109.31254166666666
109.67479166666666
110.03702083333333
110.39925
110.7615
111.12372916666666
111.48597916666667
111.84820833333333
112.6430625
113.37554166666666
114.108
114.85333333333334
115.58341666666666
116.3135
117.04360416666667
117.78708333333333
118.51610416666666
119.24514583333334
119.97416666666666
120.741375
121.47041666666667
122.19945833333334
122.94289583333334
123.6720625
124.40122916666667
125.13039583333334
125.89858333333333
126.62785416666667
127.35714583333333
128.08641666666668
128.8599375
129.59116666666668
130.322375
131.06510416666666
131.79522916666667
132.52535416666666
133.25547916666667
134.02197916666665
134.38566666666668
134.74935416666668
135.11302083333334
135.47670833333333
135.84039583333333
136.20408333333333
136.60002083333333
136.96202083333333
137.32402083333332
137.68602083333334
138.04802083333334
138.41002083333333
138.77202083333333
139.13402083333332
139.540125
139.90158333333332
140.26304166666668
140.6245
140.98595833333334
141.34741666666667
141.70889583333334
142.1244375
142.4866875
142.8489375
143.21116666666666
143.57341666666667
143.93566666666666
144.29789583333334
144.66014583333333
144.93566666666666
145.29795833333333
145.66025
146.02252083333335
146.3848125
146.74710416666667
147.109375
147.63154166666666
147.99385416666667
148.3561875
148.71852083333334
149.08085416666665
149.44316666666666
149.8055
150.2379375
150.60064583333335
150.96333333333334
151.32604166666667
151.68872916666666
152.0514375
152.414125
152.77683333333334
153.18895833333335
153.55135416666667
153.91377083333333
154.2761875
154.63860416666665
155.00102083333334
155.3634375
155.77835416666667
156.13939583333334
156.50041666666667
156.8614375
157.22245833333332
157.5835
157.94452083333334
158.30554166666667
158.67575
159.03685416666667
159.3979375
159.75904166666666
160.12014583333334
160.48122916666668
160.84233333333333
161.15122916666667
161.51258333333334
161.87391666666667
162.23527083333335
162.59660416666668
162.95795833333332
163.3193125
163.68064583333333
164.09183333333334
164.45322916666666
164.814625
165.17602083333333
165.53741666666667
165.89883333333333
166.26022916666668
166.83177083333334
167.19429166666666
167.5568125
167.91933333333333
168.28183333333334
168.64435416666666
169.006875
170.1570625
170.88935416666666
171.621625
172.3640625
173.09372916666666
173.823375
174.55302083333333
175.31225
176.04172916666667
176.77122916666667
177.526625
178.2564375
178.98627083333332
179.71610416666667
180.31258333333332
180.6755
181.0384375
181.40135416666666
181.76427083333334
182.1271875
182.490125
182.85304166666666
183.42627083333332
183.78741666666667
184.14854166666666
184.5096875
184.8708125
185.23195833333332
185.59308333333334
185.98233333333334
186.34333333333333
186.70435416666666
187.06535416666668
187.42635416666667
187.78735416666666
188.14835416666668
188.55804166666667
188.9190625
189.2800625
189.6410625
190.0020625
190.36308333333332
190.72408333333334
191.08508333333333
191.53354166666668
191.89497916666667
192.25639583333333
192.61783333333332
192.97925
193.3406875
193.702125
194.11245833333334
194.47375
194.83504166666665
195.19633333333334
195.557625
195.91891666666666
196.28020833333332
196.69452083333334
197.05579166666666
197.4170625
197.7783125
198.13958333333332
198.50083333333333
198.86210416666665
199.223375
199.63564583333334
199.996625
200.35760416666668
200.71858333333333
201.0795625
201.44054166666666
201.8015
202.21070833333334
202.57191666666668
202.93310416666668
203.29429166666668
203.65547916666668
204.01666666666668
204.37785416666668
204.73904166666668
205.043
205.404125
205.76525
206.126375
206.4875
206.848625
207.20975
207.758625
208.12014583333334
208.4816875
208.84320833333334
209.20472916666668
209.56627083333333
209.92779166666668
210.33708333333334
210.6985
211.05991666666668
211.42133333333334
211.78277083333333
212.1441875
212.50560416666667
212.86702083333333
213.289375
213.65075
214.012125
214.3735
214.734875
215.09625
215.45764583333334
215.85947916666666
216.220625
216.58179166666667
216.94295833333334
217.30410416666666
217.66527083333332
218.02641666666668
218.38758333333334
218.80820833333334
219.169625
219.53104166666665
219.89245833333334
220.253875
220.61529166666668
220.97670833333333
221.37954166666665
221.7414375
222.10333333333332
222.46525
222.82714583333333
223.18904166666667
223.5509375
223.96904166666667
224.3306875
224.69233333333332
225.054
225.41564583333334
225.77729166666666
226.13895833333333
226.50060416666668
226.91910416666667
227.28160416666665
227.64410416666666
228.00660416666668
228.36908333333332
228.73158333333333
229.09408333333334
229.50320833333333
229.86460416666668
230.226
230.58739583333335
