1.5672108843537416
1.7880952380952382
2.0090022675736963
2.2298866213151927
2.4507709750566895
2.671655328798186
2.8925396825396827
3.2346031746031745
3.5824716553287983
3.93031746031746
4.278185941043084
4.72795918367347
5.174308390022675
5.62063492063492
6.0403401360544215
6.4812925170068025
6.9222448979591835
7.363219954648526
7.7890702947845805
8.226439909297053
8.663786848072561
9.111315192743763
9.548095238095238
9.984897959183673
10.43421768707483
10.870907029478458
11.307596371882086
11.744285714285715
12.184331065759638
12.620498866213152
13.056666666666667
13.527006802721088
13.962947845804988
14.398866213151928
14.842879818594104
15.277981859410431
15.713083900226758
16.148208616780046
16.588639455782314
17.023242630385486
17.457868480725622
17.91467120181406
18.34981859410431
18.784988662131518
19.22015873015873
19.652154195011338
20.085986394557825
20.519818594104308
20.962993197278912
21.396916099773243
21.830839002267574
22.264920634920635
22.696916099773244
23.128888888888888
23.560884353741496
24.008684807256238
24.442040816326532
24.875374149659866
25.299274376417234
25.72972789115646
26.160204081632653
26.590657596371884
27.0202947845805
27.44938775510204
27.878503401360543
28.312630385487527
28.74138321995465
29.170113378684807
29.59886621315193
30.04827664399093
30.477551020408164
30.906802721088436
31.358526077097505
31.788526077097504
32.21852607709751
32.64852607709751
33.08873015873016
33.51861678004535
33.94848072562358
34.402857142857144
34.83419501133787
35.265510204081636
35.697278911564624
36.1278231292517
36.558344671201816
36.98886621315193
37.43272108843537
37.86467120181406
38.2966439909297
38.74492063492063
39.17612244897959
39.60734693877551
40.038548752834465
40.48219954648526
40.91439909297052
41.34662131519274
41.79573696145125
42.22943310657596
42.66312925170068
43.13498866213152
43.569591836734695
44.00419501133787
44.438798185941046
44.90283446712018
45.33877551020408
45.77471655328798
46.231179138322
46.668185941043085
47.10517006802721
47.55501133786848
47.99192743764172
48.42886621315193
48.865804988662134
49.30809523809524
49.744467120181405
50.18081632653061
50.626598639455786
51.062290249433104
51.498004535147395
51.93369614512471
52.38074829931973
52.816054421768705
53.25136054421769
53.71367346938776
54.14977324263039
54.58587301587301
55.02673469387755
55.463038548752834
55.899319727891154
56.33560090702948
56.79065759637188
57.22655328798186
57.66244897959184
58.101020408163265
58.536303854875285
58.97156462585034
59.40684807256236
59.84251700680272
60.276757369614515
60.711020408163265
61.159024943310655
61.592018140589566
62.02498866213152
62.459274376417234
62.89310657596372
63.326961451247165
63.76079365079365
64.24496598639456
64.67993197278912
65.11489795918368
65.5402947845805
65.9721768707483
66.4040589569161
66.83591836734693
67.2621768707483
67.69253968253969
68.1228798185941
68.61886621315193
69.04947845804989
69.48009070294785
69.94151927437642
70.37716553287981
70.81283446712018
71.24848072562358
71.70972789115646
72.14655328798186
72.58337868480726
73.03074829931973
73.4669387755102
73.90312925170068
74.3662358276644
74.80297052154195
75.23972789115646
75.67646258503402
76.12605442176871
76.56267573696145
76.99931972789116
77.45133786848072
77.88907029478457
78.3268253968254
78.75727891156463
79.1930612244898
79.62884353741497
80.06462585034014
80.4943537414966
80.9285260770975
81.36272108843538
81.80732426303855
82.23993197278912
82.67253968253968
83.10514739229025
83.54739229024943
83.98034013605442
84.41326530612245
84.86
85.29344671201814
85.72689342403628
86.16031746031746
86.42081632653061
86.85485260770974
87.28888888888889
87.9409977324263
88.37517006802722
88.80934240362812
89.24664399092971
89.68031746031745
90.11396825396825
90.54764172335601
90.9895238095238
91.42251700680272
91.85551020408164
92.28492063492064
92.71659863945578
93.14827664399093
93.57995464852608
94.01927437641723
94.45052154195011
94.88176870748299
95.34310657596372
95.77458049886621
96.20603174603174
96.64802721088435
97.08038548752835
97.51274376417234
97.9451247165533
98.4156462585034
98.84965986394558
99.28367346938775
99.7246485260771
100.15875283446712
100.59285714285714
101.03310657596371
101.46759637188208
101.90206349206349
102.33655328798186
102.79315192743765
103.22791383219955
103.66269841269842
104.10238095238095
104.53743764172336
104.97249433106576
105.40755102040816
105.87734693877552
106.31333333333333
106.74931972789116
107.19165532879819
107.62854875283446
108.06544217687075
108.54442176870748
108.98204081632653
109.41965986394558
109.85727891156462
110.30832199546485
110.74578231292517
111.18321995464852
111.6421768707483
112.08038548752835
112.51857142857143
112.97478458049886
113.41292517006802
113.85108843537415
114.28922902494331
114.7401814058957
115.17909297052154
115.61802721088435
116.06848072562359
116.50648526077097
116.94448979591837
117.37351473922902
117.80931972789115
118.24512471655329
118.68095238095238
119.12358276643991
119.55861678004536
119.99362811791383
120.44757369614513
120.8824716553288
121.31739229024943
121.7522902494331
122.21732426303855
122.65340136054422
123.08945578231292
123.52428571428571
123.96043083900227
124.39659863945579
124.85888888888888
125.29496598639456
125.73104308390023
126.16709750566893
126.6002947845805
127.03444444444445
127.4685941043084
127.91725623582767
128.35126984126984
128.78526077097504
129.21925170068027
129.6477551020408
130.08204081632653
130.51634920634922
131.0148752834467
131.4513605442177
131.8878231292517
132.35356009070296
132.79185941043085
133.23013605442176
133.66843537414965
134.13138321995464
134.56995464852608
135.00854875283446
135.45492063492063
135.8946485260771
136.33435374149659
136.7887755102041
137.2285941043084
137.6684126984127
138.10823129251702
138.53283446712018
138.9691836734694
139.40551020408162
139.8358276643991
140.27020408163264
140.70460317460316
141.13897959183674
141.57625850340136
142.01
142.4437641723356
142.91292517006804
143.3472335600907
143.78156462585034
144.24879818594104
144.68512471655328
145.12145124716554
145.55777777777777
146.00340136054422
146.44
146.87659863945578
147.32002267573696
147.7556462585034
148.19124716553287
148.64156462585035
149.0768707482993
149.5121768707483
149.94750566893424
150.39662131519273
150.83201814058958
151.2674149659864
151.71167800453514
152.1467573696145
152.58181405895692
153.01689342403628
153.45501133786848
153.88950113378684
154.32399092970522
154.75349206349208
155.1866439909297
155.61979591836734
156.09140589569162
156.5262358276644
156.96108843537414
157.3959410430839
157.85319727891155
158.28934240362813
158.72548752834467
159.17975056689343
159.6163492063492
160.05297052154194
160.4964172335601
160.9324716553288
161.36850340136056
161.80455782312924
162.26090702947846
162.69739229024944
163.13387755102042
163.57702947845806
164.01278911564626
164.44854875283445
164.88430839002268
165.32968253968255
165.76526077097506
166.20083900226757
166.64265306122448
167.07773242630387
167.51281179138323
167.9839455782313
168.4197052154195
168.85548752834467
169.29124716553287
169.73879818594105
170.1740589569161
170.60931972789115
171.05290249433108
171.4882993197279
171.92371882086167
172.38360544217687
172.81950113378684
173.25539682539682
173.69129251700681
174.14795918367346
174.5846031746032
175.02126984126983
175.48410430839002
175.92269841269842
176.3612925170068
176.79986394557824
177.2334013605442
177.67274376417234
178.11208616780044
178.58766439909297
179.02605442176872
179.4644671201814
179.91308390022675
180.35068027210883
180.78829931972788
181.22591836734694
181.67662131519273
182.11340136054423
182.5501814058957
182.99267573696144
183.4290022675737
183.8653514739229
184.30321995464854
184.73891156462585
185.17460317460316
185.6102947845805
186.06113378684807
186.49625850340135
186.9314058956916
187.37344671201814
187.80798185941043
188.24249433106576
188.67702947845805
189.13256235827666
189.56818594104308
190.00380952380954
190.4629931972789
190.89909297052154
191.33521541950114
191.8019954648526
192.2405215419501
192.67904761904762
193.11757369614512
193.57850340136054
194.0177097505669
194.45691609977325
194.9274829931973
195.367641723356
195.80780045351474
196.25530612244899
196.69598639455782
197.13666666666666
197.57734693877552
198.03675736961452
198.4773469387755
198.9179365079365
199.36603174603175
199.80619047619047
200.24637188208618
200.69732426303855
201.13736961451247
201.5774149659864
202.0174829931973
202.46682539682539
202.905306122449
203.3438095238095
203.79274376417234
204.2314739229025
204.67020408163265
205.12027210884355
205.55750566893425
205.994716553288
206.4319501133787
206.88122448979593
207.31925170068027
207.7572789115646
208.23492063492063
208.67403628117913
209.11312925170068
209.5828344671202
210.0229931972789
210.46315192743765
210.90331065759636
211.38419501133788
211.82557823129252
212.2669841269841
212.71578231292517
213.1561904761905
213.59657596371883
214.0512925170068
214.49190476190475
214.93251700680273
215.37312925170068
215.84047619047618
216.28068027210884
216.7208843537415
217.15780045351474
217.5968253968254
218.03585034013605
218.47709750566892
218.91696145124718
219.35680272108843
219.79666666666665
220.2519274376417
220.6882993197279
221.12467120181407
221.5888888888889
