1.467687074829932
1.751859410430839
2.0360544217687075
2.3202267573696145
2.604421768707483
2.88859410430839
3.3111791383219953
3.739546485260771
4.167936507936508
4.575419501133787
5.005396825396826
5.4353741496598635
5.865328798185941
6.350544217687075
6.858458049886622
7.366371882086168
7.708253968253969
8.058571428571428
8.408866213151928
8.759183673469387
9.538458049886621
10.085487528344672
10.507823129251701
11.03392290249433
11.56
12.024013605442176
12.532426303854875
13.040839002267573
13.577392290249433
14.08734693877551
14.597278911564626
15.104489795918367
15.611814058956917
16.119160997732425
16.65410430839002
17.163197278911564
17.672290249433107
18.17231292517007
18.679546485260772
19.186780045351473
19.68215419501134
20.187551020408165
20.692947845804987
21.210884353741495
21.715102040816326
22.219319727891158
22.743786848072563
23.248390022675736
23.766190476190477
24.27174603174603
24.777301587301586
25.289750566893424
25.79501133786848
26.300249433106575
26.817777777777778
27.3221768707483
27.82655328798186
28.3284126984127
28.832585034013604
29.336780045351475
29.849115646258504
30.353174603174605
30.85721088435374
31.38968253968254
31.89544217687075
32.40120181405896
32.90573696145125
33.41049886621315
33.91526077097506
34.40707482993197
34.9109977324263
35.414897959183676
35.82430839002267
36.32709750566893
36.82988662131519
37.52002267573696
38.026598639455784
38.53315192743764
39.040589569161
39.5468253968254
40.05308390022676
40.53113378684807
41.038480725623586
41.54582766439909
41.869795918367345
42.376122448979594
42.882448979591835
43.62768707482993
44.13560090702948
44.65603174603174
45.164580498866215
45.67312925170068
46.20886621315193
46.71857142857143
47.22829931972789
47.75340136054422
48.26403628117914
48.77467120181406
49.27882086167801
49.78600907029478
50.293174603174606
50.8018820861678
51.30816326530612
51.81442176870748
52.35163265306122
52.858276643990926
53.36489795918367
53.88732426303855
54.3959410430839
54.90455782312925
55.42049886621315
55.92793650793651
56.435374149659864
56.9321768707483
57.439138321995465
57.97609977324263
58.482743764172334
58.989410430839
59.51185941043084
60.01913832199546
60.52639455782313
61.0418820861678
61.54834467120181
62.054807256235826
62.58145124716553
63.08823129251701
63.59501133786848
64.10487528344672
64.6107709750567
65.11668934240363
65.63541950113378
66.14047619047619
66.64553287981859
67.14460317460318
67.64947845804988
68.15435374149659
68.69319727891157
69.19965986394558
69.70612244897958
70.21063492063492
70.72095238095238
71.23126984126984
71.80630385487528
72.31573696145125
72.85283446712018
73.36498866213152
73.87714285714286
74.38272108843537
74.89408163265306
75.40546485260771
76.03292517006803
76.54603174603174
77.05916099773242
77.59730158730159
78.10936507936508
78.62140589569161
79.15294784580499
79.66410430839002
80.17526077097506
80.68700680272109
81.19743764172335
81.72920634920635
82.24002267573697
82.75083900226757
83.6982993197279
84.20727891156463
84.76256235827664
85.26968253968253
85.77680272108843
86.34902494331065
86.85700680272109
87.36498866213152
87.89886621315193
88.40913832199547
88.91941043083901
89.43129251700681
89.94124716553289
90.45122448979592
90.99349206349207
91.50349206349206
92.01351473922902
92.53730158730158
93.0478231292517
93.55836734693878
94.07743764172335
94.58922902494331
95.11727891156463
95.6281179138322
96.13895691609977
96.67247165532879
97.182358276644
97.69224489795918
98.21784580498866
98.72727891156462
99.2367120181406
99.77104308390022
100.28147392290249
100.7918820861678
101.32539682539682
101.83696145124716
102.34854875283446
102.88936507936508
103.39986394557823
103.91038548752834
104.38532879818594
104.89412698412698
105.40294784580499
105.90786848072563
106.4140589569161
106.92022675736962
107.43816326530612
107.94517006802721
108.4521768707483
108.95480725623582
109.46083900226758
109.97632653061224
110.48149659863945
110.98666666666666
111.45950113378684
111.96244897959184
112.46541950113378
112.95829931972789
113.46362811791383
113.96893424036281
114.47641723356008
114.98215419501133
115.48789115646258
115.98786848072562
116.49804988662132
117.00823129251701
117.59297052154194
118.10294784580499
118.61292517006802
119.18698412698413
119.69943310657597
120.21190476190476
120.6956462585034
121.20439909297052
121.71315192743764
122.2494784580499
122.75580498866213
123.26215419501133
123.80340136054421
124.31498866213153
124.85460317460317
125.36861678004536
125.88260770975057
126.4050566893424
126.91795918367347
127.43086167800453
127.9479365079365
128.4604761904762
128.97301587301587
129.50013605442177
130.0115873015873
130.52303854875282
131.0497052154195
131.5618820861678
132.07408163265305
132.5404081632653
133.05233560090704
133.56426303854875
134.09650793650795
134.60888888888888
135.12126984126985
135.66725623582767
136.17646258503402
136.68566893424037
137.08975056689343
137.60215419501134
138.11455782312925
138.60519274376418
139.1150566893424
139.62489795918367
140.12655328798186
140.63399092970522
141.14145124716552
141.61253968253968
142.11904761904762
142.62555555555556
143.40192743764172
143.91126984126984
144.42426303854876
144.93278911564627
145.44131519274376
145.94433106575963
146.4502947845805
146.9562358276644
147.47503401360544
147.98065759637188
148.48628117913833
149.01532879818595
149.52113378684808
150.02691609977325
150.5468253968254
151.05412698412698
151.591179138322
152.09832199546486
152.60548752834467
153.16056689342403
153.66802721088436
154.17546485260772
154.70820861678004
155.21768707482994
155.72718820861678
156.2509297052154
156.7625850340136
157.27421768707484
157.8217006802721
158.33503401360545
158.84836734693877
159.38736961451247
159.9012244897959
160.4150566893424
160.96027210884353
161.47462585034015
161.9935827664399
162.5065306122449
163.0194784580499
163.5349433106576
164.04818594104307
164.56142857142856
165.10242630385488
165.6159410430839
166.12947845804987
166.67222222222222
167.1861904761905
167.70015873015873
168.2206575963719
168.7337641723356
169.24687074829933
169.77231292517007
170.2843083900227
170.79628117913833
171.317052154195
171.82897959183674
172.34092970521542
172.84657596371883
173.3580498866213
173.92392290249433
174.43492063492064
174.9459410430839
175.46678004535147
175.97687074829932
176.48696145124717
177.05013605442176
177.56283446712018
178.07551020408164
178.6036507936508
179.11637188208616
179.6291156462585
180.15439909297052
180.66709750566892
181.17977324263038
181.69648526077097
182.20861678004536
182.72074829931972
183.25174603174602
183.76199546485262
184.31551020408162
184.82725623582766
185.33902494331065
185.84462585034012
186.3527664399093
186.86088435374148
187.40637188208618
187.91607709750568
188.4257596371882
188.9340589569161
189.4433560090703
189.95263038548754
190.50950113378684
191.02113378684808
191.53278911564627
192.052947845805
192.56460317460318
193.07625850340136
193.64013605442176
194.15260770975055
194.7886621315193
195.2995918367347
195.81054421768707
196.63430839002268
197.13578231292516
197.71668934240364
198.21848072562358
198.72024943310657
199.27480725623582
199.77975056689343
200.28467120181406
200.8380045351474
201.3491156462585
201.86022675736962
202.40362811791383
202.91564625850341
203.427641723356
204.00138321995465
204.51267573696146
205.02396825396826
205.52716553287982
206.03619047619048
207.0387074829932
207.54287981859412
208.16648526077097
208.6741723356009
209.18185941043083
209.75086167800453
210.26011337868482
210.7693650793651
211.32102040816326
211.83181405895692
212.34260770975058
212.8778231292517
213.3914739229025
213.90510204081633
214.43836734693878
214.95231292517008
215.51362811791384
216.02825396825398
216.54290249433106
217.08079365079365
217.5961904761905
218.1115873015873
218.62809523809523
219.14319727891157
219.6582993197279
220.24462585034013
220.7507029478458
221.25675736961452
221.7307029478458
222.24138321995466
222.75206349206348
223.31759637188208
223.83258503401362
224.34757369614513
224.8556462585034
225.36954648526077
226.0854648526077
226.58721088435374
227.08895691609976
227.6602947845805
228.16360544217687
228.6668934240363
229.22260770975058
229.73297052154194
230.24333333333334
230.72380952380954
231.2342403628118
231.7446485260771
232.25639455782314
232.76557823129252
233.27473922902493
233.7765759637188
234.28419501133786
234.9567120181406
235.46455782312924
235.97238095238095
236.48185941043084
236.98725623582766
237.49267573696144
238.14133786848072
238.65845804988663
239.17557823129252
239.72585034013605
240.24571428571429
240.7860544217687
241.304716553288
241.82337868480727
242.3662358276644
242.88294784580498
243.39965986394557
243.93303854875285
244.4484807256236
244.96392290249432
245.53310657596373
246.04954648526078
246.56596371882085
247.11848072562358
247.63496598639455
248.16201814058957
248.67619047619047
249.19036281179137
249.7121088435374
250.2258276643991
250.73954648526077
251.29031746031745
251.80532879818594
252.32036281179137
252.86496598639457
253.3807709750567
253.89657596371882
254.40866213151926
254.92403628117913
255.439410430839
255.97936507936507
256.4935827664399
257.00780045351473
257.56721088435376
258.0778911564626
258.5942857142857
259.10863945578234
259.6229931972789
260.16848072562357
260.67909297052154
261.1897052154195
261.7326757369614
262.2405215419501
262.7483673469388
263.2489342403628
263.75528344671204
264.2616553287982
264.8837188208617
265.3897052154195
265.89569160997735
266.3736281179138
266.8796371882086
267.3856462585034
267.88528344671204
268.39074829931974
268.8961904761905
269.3952607709751
269.90013605442175
270.4050113378685
270.9030385487528
271.40684807256235
271.91068027210883
272.409433106576
272.9139909297052
273.41226757369617
273.9163492063492
274.4204308390023
274.91873015873017
275.4228344671202
275.9269387755102
276.4254195011338
276.9297052154195
277.43396825396826
277.93242630385487
278.4366893424036
278.94095238095235
279.5409977324263
280.0455328798186
280.55009070294784
281.04839002267573
281.55249433106576
282.0565986394558
282.55487528344673
283.05897959183676
283.5630612244898
284.06074829931976
284.5642403628118
285.06773242630385
285.48739229024943
285.9913605442177
286.495306122449
286.99356009070294
287.4975963718821
288.0016326530612
288.50004535147394
289.00426303854874
289.5084580498866
290.0070068027211
290.5113378684807
291.01566893424035
291.5143083900227
292.01873015873014
292.52315192743765
292.99950113378685
