2.747875
3.2668541666666666
3.7858125
4.304770833333333
4.823729166666666
5.3426875
5.844875
6.359770833333333
6.8746875
7.389583333333333
7.9045
8.404229166666667
8.916479166666667
9.428729166666667
9.940979166666667
10.453229166666667
10.971375
11.48275
11.994145833333333
12.505541666666666
13.016916666666667
13.5283125
14.049645833333333
14.560145833333333
15.070645833333334
15.581145833333334
16.091645833333335
16.625666666666667
17.1364375
17.6471875
18.1579375
18.6686875
19.21345833333333
19.725083333333334
20.236708333333333
20.748354166666665
21.259979166666668
21.771604166666666
22.293270833333334
22.804583333333333
23.315895833333332
23.827229166666665
24.338541666666668
24.879270833333333
25.391604166666667
25.9039375
26.416270833333332
26.928604166666666
27.450416666666666
27.962291666666665
28.474145833333335
28.986020833333335
29.497875
30.00975
30.516479166666667
31.027645833333334
31.5388125
32.04997916666667
32.561145833333335
33.07114583333333
33.581270833333335
34.09139583333333
34.60152083333333
35.111645833333334
35.6405
36.14983333333333
36.659166666666664
37.1685
37.67783333333333
38.18716666666667
38.707708333333336
39.21810416666667
39.7285
40.23889583333333
40.749291666666664
41.294270833333336
41.805479166666665
42.31670833333333
42.82791666666667
43.339125
43.874270833333334
44.385333333333335
44.89641666666667
45.4075
45.9185625
46.44616666666667
46.9574375
47.46872916666667
47.98
48.49129166666667
49.0025625
49.53516666666667
50.0458125
50.55645833333333
51.06710416666667
51.57775
52.10422916666667
52.6154375
53.126625
53.63783333333333
54.14902083333333
54.68264583333333
55.19416666666667
55.7056875
56.21720833333333
56.72872916666667
57.240229166666666
57.766375
58.2775625
58.78877083333333
59.29997916666667
59.811166666666665
60.32170833333333
60.8331875
61.34466666666667
61.856145833333336
62.367645833333334
62.902791666666666
63.413875
63.924958333333336
64.43602083333333
64.94710416666666
65.4581875
65.97497916666667
66.485
66.99502083333333
67.5050625
68.01508333333334
68.53785416666666
69.04804166666666
69.55825
70.0684375
70.57864583333334
71.13654166666667
71.6483125
72.16010416666667
72.67189583333334
73.1836875
73.69547916666667
74.2028125
74.7135625
75.2243125
75.7350625
76.2458125
76.78075
77.2914375
77.802125
78.31283333333333
78.82352083333333
79.33216666666667
79.84127083333334
80.350375
80.85947916666667
81.3685625
81.87766666666667
82.69133333333333
83.20095833333333
83.71060416666667
84.22022916666667
84.75266666666667
85.26233333333333
85.772
86.28166666666667
86.79135416666666
87.30102083333334
87.84247916666666
88.354375
88.86625
89.378125
89.89
90.39252083333334
90.90129166666667
91.41008333333333
91.91885416666666
92.427625
93.1879375
93.69602083333334
94.20408333333333
94.71216666666666
95.22022916666667
95.78370833333334
96.29222916666667
96.80075
97.30929166666667
97.8178125
98.3656875
98.87539583333333
99.38508333333333
99.89479166666666
100.4045
100.9141875
101.46177083333333
101.97291666666666
102.48404166666667
102.9951875
103.5063125
104.0330625
104.5445
105.0559375
105.567375
106.0788125
106.60329166666666
107.11435416666667
107.62541666666667
108.1365
108.6475625
109.15864583333334
109.69085416666667
110.20222916666667
110.71360416666667
111.225
111.736375
112.26091666666666
112.77208333333333
113.28322916666667
113.79439583333334
114.30554166666667
114.82902083333333
115.3396875
115.85033333333334
116.36097916666667
116.871625
117.38227083333334
117.89745833333333
118.40827083333333
118.91908333333333
119.429875
119.9406875
120.48579166666667
120.99641666666666
121.5070625
122.01770833333333
122.52835416666667
123.03772916666667
123.5481875
124.05866666666667
124.569125
125.07958333333333
125.61235416666666
126.1220625
126.63179166666667
127.1415
127.65120833333333
128.1609375
128.70935416666666
129.22058333333334
129.73179166666668
130.24302083333333
130.75425
131.285375
131.796625
132.307875
132.819125
133.330375
133.85402083333332
134.36514583333334
134.87625
135.387375
135.8985
136.409625
136.94554166666666
137.45670833333332
137.967875
138.47904166666666
138.99020833333333
139.4980625
140.00847916666666
140.51891666666666
141.02933333333334
141.53977083333334
142.06666666666666
142.57677083333334
143.086875
143.597
144.10710416666666
144.61720833333334
145.14077083333333
145.651625
146.16247916666666
146.67333333333335
147.1841875
147.7008125
148.21202083333333
148.72322916666667
149.2344375
149.74564583333333
150.28995833333335
150.80016666666666
151.31035416666666
151.8205625
152.33075
152.84095833333333
153.37264583333334
153.883125
154.39360416666668
154.90408333333335
155.4145625
155.93589583333332
156.44533333333334
156.95477083333333
157.46420833333335
157.97364583333334
158.51564583333334
159.02604166666666
159.53641666666667
160.0468125
160.5571875
161.06758333333335
161.57314583333334
162.0840625
162.59495833333332
163.105875
163.61677083333333
164.18035416666666
164.69195833333333
165.20358333333334
165.71520833333332
166.22683333333333
166.75597916666666
167.26739583333332
167.7788125
168.29022916666668
168.80164583333334
169.3296875
169.84083333333334
170.352
170.86316666666667
171.37433333333334
171.8855
172.38435416666667
172.89414583333334
173.4039375
173.91370833333335
174.4235
174.9421875
175.45147916666667
175.96077083333333
176.47008333333332
176.979375
177.50120833333332
178.00991666666667
178.518625
179.02733333333333
179.53604166666668
180.04475
180.58614583333335
181.09583333333333
181.60552083333334
182.1151875
182.624875
183.16352083333334
183.67389583333335
184.18427083333333
184.69464583333334
185.20502083333332
185.7354375
186.24652083333334
186.757625
187.26870833333334
187.77979166666665
188.290875
188.8133125
189.3236875
189.83408333333333
190.34447916666667
190.85485416666666
191.3781875
191.8888125
192.39941666666667
192.91004166666667
193.42064583333334
193.94127083333333
194.45125
194.96125
195.47125
195.98122916666668
196.49122916666667
197.03322916666667
197.54308333333333
198.05291666666668
198.56275
199.07258333333334
199.594
200.10389583333333
200.61379166666666
201.1236875
201.63358333333332
202.17145833333333
202.682375
203.19329166666665
203.70420833333333
204.215125
204.72604166666667
205.25541666666666
205.76570833333332
206.276
206.78629166666667
207.29658333333333
207.82802083333334
208.33870833333333
208.84939583333335
209.36010416666667
209.87079166666666
210.4018125
210.91285416666668
211.423875
211.93491666666668
212.44595833333332
212.957
213.470875
213.98172916666667
214.49260416666667
215.00345833333333
215.51433333333333
216.04960416666665
216.560625
217.07164583333332
217.58266666666665
218.09370833333332
218.61816666666667
219.12897916666665
219.63977083333333
220.15058333333334
220.661375
221.1940625
221.704875
222.21566666666666
222.72647916666668
223.23729166666666
223.74810416666668
224.27441666666667
224.78495833333332
225.29547916666667
225.80602083333332
226.3165625
226.8449375
227.35554166666665
227.86614583333332
228.37675
228.88735416666665
229.41258333333334
229.92316666666667
230.43375
230.94433333333333
231.45491666666666
231.9655
232.484625
232.9945
233.504375
234.01425
234.52410416666666
235.0594375
235.56995833333335
236.0805
236.59102083333335
237.1015625
237.6263125
238.13639583333332
238.64647916666667
239.15654166666667
239.666625
240.17670833333332
240.69939583333334
241.21
241.72060416666667
242.23120833333334
242.7418125
243.27370833333333
243.78366666666668
244.29364583333333
244.80360416666667
245.3135625
245.84279166666667
246.35295833333333
246.863125
247.37329166666666
247.88345833333332
248.393625
248.93041666666667
249.44122916666666
249.95204166666667
250.46285416666666
250.97366666666667
251.50202083333335
252.01320833333332
252.52439583333333
253.03558333333334
253.54677083333334
254.066875
254.57741666666666
255.08795833333335
255.59847916666666
256.1090208333333
256.6195625
257.1310208333333
257.64152083333335
258.1520208333333
258.66252083333336
259.173
259.7119583333333
260.222375
260.7327916666667
261.2432083333333
261.753625
262.28572916666667
262.796375
263.307
263.81764583333336
264.32829166666664
264.8389375
265.3419166666667
265.85297916666667
266.3640625
266.8751458333333
267.3862291666667
267.925875
268.43625
268.9466458333333
269.45702083333333
269.9674166666667
270.4970625
271.0067916666667
271.51652083333335
272.02625
272.53597916666666
273.0658125
273.5757708333333
274.0857291666667
274.59570833333333
275.10566666666665
275.61564583333336
276.1511875
276.66125
277.17129166666666
277.68135416666667
278.19139583333333
278.7048125
279.2147083333333
279.72460416666667
280.2345
280.74441666666667
281.2800625
281.79020833333334
282.300375
282.8105208333333
283.3206875
283.8308333333333
284.3412916666667
284.8513125
285.3613125
285.8713125
286.3813125
286.92685416666666
287.4374375
287.94804166666665
288.458625
288.9692083333333
289.506375
290.01677083333334
290.5271875
291.0375833333333
291.54797916666666
292.058375
292.58029166666665
293.09172916666665
293.6031458333333
294.1145833333333
