2.903958333333333
3.2301875
3.556416666666667
3.882625
4.208854166666667
4.5350625
4.861291666666666
5.1875
5.599729166666667
6.017270833333333
6.4348125
6.852375
7.269916666666667
7.687458333333334
8.105020833333333
8.523333333333333
8.947
9.370645833333333
9.794291666666666
10.217958333333334
10.641604166666667
11.142645833333333
11.649020833333333
12.155395833333333
12.66175
13.168125
14.010708333333334
14.4426875
14.8746875
15.3066875
15.7386875
16.170666666666666
17.228416666666668
17.9068125
18.585208333333334
19.277666666666665
19.9560625
20.634458333333335
21.312833333333334
22.002625
22.6809375
23.35925
24.037541666666666
25.04675
25.554020833333333
26.061291666666666
26.5685625
27.0758125
27.793854166666666
28.301083333333334
28.8083125
29.315541666666668
29.822791666666667
30.52275
31.029791666666668
31.536833333333334
32.043875
32.5509375
32.912645833333336
33.4166875
33.92072916666667
34.424791666666664
34.92883333333333
35.43289583333333
35.931354166666665
36.43516666666667
36.93895833333333
37.442770833333334
37.9465625
38.70141666666667
39.2055
39.709583333333335
40.21366666666667
40.71775
41.11533333333333
41.61966666666667
42.124
42.6283125
43.132645833333335
43.63697916666667
44.13575
44.639833333333335
45.1439375
45.648041666666664
46.152145833333336
46.65091666666667
47.15504166666667
47.659166666666664
48.163291666666666
48.66739583333333
49.418145833333334
49.921645833333336
50.42516666666667
50.928666666666665
51.43216666666667
51.92995833333333
52.433083333333336
52.93620833333333
53.43933333333333
53.942458333333335
54.44558333333333
54.94614583333333
55.452020833333336
55.95789583333333
56.463791666666665
56.96966666666667
57.46525
57.966166666666666
58.467083333333335
58.968
59.468916666666665
59.969833333333334
60.46572916666667
60.96695833333333
61.46816666666667
61.96939583333333
62.470625
62.9666875
63.46810416666667
63.969520833333334
64.4709375
64.97235416666666
65.47377083333333
65.96966666666667
66.47089583333333
66.972125
67.473375
67.97460416666667
68.47608333333334
68.982875
69.4896875
69.99647916666666
70.50329166666667
70.999375
71.5008125
72.00225
72.50366666666666
73.00510416666667
73.50654166666666
74.00247916666666
74.50375
75.00504166666667
75.5063125
76.00760416666667
76.50333333333333
77.00441666666667
77.50547916666666
78.0065625
78.50764583333333
79.00870833333333
79.5045625
80.00575
80.5069375
81.008125
81.5093125
81.95639583333333
82.40883333333333
82.86125
83.3136875
83.766125
84.21854166666667
84.660875
85.10854166666667
85.55622916666667
86.00389583333333
86.4515625
86.89922916666667
87.34689583333333
87.78925
88.2369375
88.684625
89.1323125
89.58002083333334
90.02770833333334
90.52816666666666
91.03395833333333
91.53975
92.04554166666667
92.55135416666667
93.04685416666666
93.5476875
94.04854166666667
94.549375
95.05020833333333
96.047
96.5480625
97.049125
97.5501875
98.05125
98.6950625
99.19625
99.69745833333333
100.19864583333333
100.69985416666667
101.11304166666666
101.61514583333333
102.11722916666666
102.6193125
103.12141666666666
103.6235
104.15810416666666
104.662125
105.16614583333333
105.67016666666666
106.1741875
106.67227083333333
107.1756875
107.67910416666666
108.18252083333333
108.6859375
109.18935416666666
109.68652083333333
110.189
110.6915
111.19397916666667
111.69647916666666
112.328625
112.83066666666667
113.33270833333333
113.83475
114.33679166666667
114.7290625
115.23602083333333
115.74297916666667
116.2499375
116.75689583333333
117.26385416666666
117.761625
118.26472916666667
118.76783333333333
119.2709375
119.77404166666666
120.2715625
120.77441666666667
121.27727083333333
121.780125
122.28297916666666
122.78583333333333
123.28252083333334
123.78454166666667
124.2865625
124.78858333333334
125.290625
126.00277083333333
126.50425
127.00572916666667
127.50720833333334
128.00866666666667
128.50495833333332
129.00658333333334
129.50820833333333
130.00983333333335
130.51145833333334
131.01308333333333
131.50979166666667
132.01183333333333
132.513875
133.01591666666667
133.51795833333333
133.98820833333335
134.49072916666665
134.99325
135.49579166666666
135.9983125
136.50083333333333
136.9216875
137.42439583333334
137.92708333333334
138.42977083333332
138.93247916666667
139.42941666666667
139.9316875
140.43395833333332
140.93622916666666
141.4385
141.94077083333335
142.43758333333332
142.93970833333333
143.44185416666667
143.94397916666668
144.446125
144.94258333333335
145.444375
145.94616666666667
146.44795833333333
146.94975
147.44635416666668
147.94829166666668
148.45022916666667
148.95216666666667
149.45408333333333
149.95602083333333
150.45260416666667
150.95452083333333
151.4564375
151.95833333333334
152.46025
152.9718125
153.473875
153.97591666666668
154.47797916666667
154.98004166666666
155.48210416666666
155.978875
156.48095833333332
156.98304166666668
157.485125
157.98720833333334
158.48389583333332
158.98591666666667
159.4879375
159.98995833333333
160.49195833333334
160.99397916666666
161.49070833333334
161.99275
162.4948125
162.996875
163.49891666666667
163.99572916666668
164.497875
165.00002083333334
165.50214583333334
166.00429166666666
166.5064375
167.00364583333334
167.50620833333332
168.00875
168.51129166666666
169.01383333333334
169.51079166666668
170.0130625
170.51535416666667
171.017625
171.51989583333332
172.01685416666666
172.51914583333334
173.0214375
173.52372916666667
174.02602083333332
174.5283125
175.02495833333333
175.52695833333334
176.02895833333332
176.5309375
177.0329375
177.52941666666666
178.03122916666666
178.5330625
179.034875
179.5366875
180.0385
180.53510416666666
181.03704166666665
181.53897916666668
182.04091666666667
182.54285416666667
183.03947916666667
183.5414375
184.04339583333334
184.545375
185.04733333333334
185.54929166666668
186.04610416666668
186.54825
187.050375
187.55252083333335
188.05466666666666
188.55689583333333
189.06447916666667
189.57204166666668
190.07960416666666
190.5871875
191.09475
191.5915
192.0935625
192.59564583333332
193.09770833333334
193.59979166666668
194.09641666666667
194.598375
195.10033333333334
195.60229166666667
196.10425
196.60079166666668
197.10266666666666
197.60454166666668
198.1064375
198.6083125
199.1101875
199.60666666666665
200.10847916666665
200.61027083333335
201.11208333333335
201.61389583333334
202.11047916666666
202.61239583333332
203.1143125
203.61622916666667
204.11814583333333
204.6200625
205.116875
205.61904166666667
206.12120833333333
206.623375
207.12554166666666
207.62245833333333
208.12472916666667
208.62697916666667
209.12925
209.6315
210.13377083333333
210.63052083333332
211.13258333333334
211.63466666666667
212.13675
