3.0601041666666666
3.508583333333333
3.9570416666666666
4.4055
4.853979166666667
5.3024375
5.750333333333334
6.1968958333333335
6.643479166666666
7.090041666666667
7.536604166666667
7.9831875
8.4235
8.8695625
9.315625
9.7616875
10.207770833333333
10.653833333333333
11.128270833333334
11.573458333333333
12.018645833333334
12.4638125
12.909
13.3541875
13.815395833333334
14.259604166666668
14.7038125
15.148020833333334
15.592229166666666
16.0364375
16.474916666666665
16.91875
17.362583333333333
17.806395833333333
18.250229166666667
18.694041666666667
19.195520833333333
19.639625
20.083708333333334
20.5278125
20.971916666666665
21.416
21.869833333333332
22.3133125
22.756770833333334
23.20025
23.643729166666667
24.0871875
24.530666666666665
24.987270833333334
25.4305625
25.873854166666668
26.317125
26.760416666666668
27.203708333333335
27.653583333333334
28.095916666666668
28.53825
28.9805625
29.42289583333333
29.865229166666666
30.3011875
30.742479166666666
31.183770833333334
31.6250625
32.06635416666666
32.507645833333335
32.9500625
33.39089583333333
33.83172916666667
34.2725625
34.71339583333334
35.15422916666667
35.620041666666665
36.060916666666664
36.50179166666667
36.94266666666667
37.383541666666666
37.824416666666664
38.27733333333333
38.717708333333334
39.1580625
39.5984375
40.03879166666667
40.479166666666664
40.91952083333333
41.35091666666667
41.790625
42.230333333333334
42.67004166666667
43.10975
43.549458333333334
43.978291666666664
44.4174375
44.8565625
45.29570833333333
45.734833333333334
46.17395833333333
46.626
47.064395833333336
47.50279166666667
47.9411875
48.379583333333336
48.81797916666667
49.261854166666666
49.700041666666664
50.13822916666667
50.576395833333336
51.014583333333334
51.45275
51.903104166666665
52.340916666666665
52.778729166666665
53.216541666666664
53.654354166666664
54.092166666666664
54.529979166666664
54.990770833333336
55.42879166666667
55.8668125
56.304833333333335
56.74285416666667
57.18089583333333
57.65529166666666
58.09410416666667
58.5329375
58.97177083333333
59.410604166666666
59.8494375
60.283541666666665
60.72297916666667
61.162416666666665
61.60185416666667
62.041291666666666
62.48072916666667
63.09891666666667
63.539291666666664
63.979645833333336
64.42002083333334
64.86039583333333
65.30077083333333
65.73660416666667
66.17775
66.61891666666666
67.0600625
67.50122916666666
67.942375
68.37879166666667
68.82054166666667
69.26227083333333
69.70402083333333
70.14577083333333
70.5875
71.15304166666667
71.59460416666667
72.03614583333334
72.4776875
72.91925
73.36079166666667
73.79758333333334
74.23927083333334
74.68097916666666
75.12266666666666
75.56435416666666
76.00604166666666
76.48397916666667
76.925
77.366
77.80702083333334
78.24804166666667
78.68904166666667
79.1300625
79.5675
80.00691666666667
80.44633333333333
80.88572916666666
81.32514583333334
81.7645625
82.20939583333333
82.6479375
83.0865
83.5250625
83.96360416666667
84.40216666666667
84.87264583333334
85.31116666666667
85.7496875
86.1881875
86.62670833333334
87.06522916666667
87.517625
87.95608333333334
88.39454166666667
88.833
89.27145833333333
89.70991666666667
90.14554166666667
90.58429166666667
91.02302083333333
91.46177083333333
91.9005
92.33925
92.77797916666667
93.24322916666667
93.68177083333333
94.1203125
94.558875
94.99741666666667
95.43595833333333
95.88439583333333
96.32258333333333
96.76075
97.1989375
97.637125
98.07529166666667
98.52314583333333
98.9609375
99.39872916666667
99.83652083333334
100.27429166666667
100.71208333333334
101.14470833333333
101.58266666666667
102.020625
102.45858333333334
102.89654166666666
103.33447916666667
103.7814375
104.220875
104.6603125
105.09975
105.5391875
105.978625
106.4180625
106.8538125
107.29489583333333
107.736
108.17708333333333
108.61816666666667
109.05927083333333
109.62904166666667
110.07147916666666
110.51391666666666
110.956375
111.3988125
111.84125
112.27814583333334
112.72039583333333
113.162625
113.604875
114.04710416666667
114.48935416666667
115.00452083333333
115.4465625
115.888625
116.33066666666667
116.77272916666666
117.21477083333333
117.66195833333333
118.10354166666667
118.545125
118.9866875
119.42827083333333
119.86985416666667
120.32872916666666
120.77025
121.21177083333333
121.65329166666666
122.0948125
122.53633333333333
122.97195833333333
123.41291666666666
123.853875
124.2948125
124.73577083333333
125.17672916666666
125.61195833333333
126.05254166666667
126.49310416666667
126.93366666666667
127.37425
127.8148125
128.255375
128.69141666666667
129.13279166666666
129.57414583333335
130.01552083333334
130.45689583333333
130.89825
131.4681875
131.90983333333332
132.35147916666668
132.79314583333334
133.23479166666667
133.6764375
134.13114583333333
134.57247916666665
135.01383333333334
135.45516666666666
135.89652083333334
136.33785416666666
136.773625
137.21472916666667
137.65583333333333
138.0969375
138.53804166666666
138.97914583333332
139.441875
139.8828125
140.32377083333333
140.76470833333335
141.20566666666667
141.646625
142.11641666666668
142.55741666666665
142.9984375
143.43945833333333
143.88047916666667
144.3215
144.78895833333334
145.23029166666666
145.67164583333334
146.11297916666666
146.5543125
146.99564583333333
147.45102083333333
147.8925625
148.33410416666666
148.77564583333333
149.21716666666666
149.65870833333332
150.10025
150.52660416666666
150.96733333333333
151.4080625
151.84879166666667
152.28952083333334
152.73025
153.3906875
153.83135416666667
154.27202083333333
154.71270833333332
155.153375
155.59404166666667
155.86175
156.30202083333333
156.74229166666666
157.18258333333333
157.62285416666666
158.063125
158.50572916666667
158.945625
159.38552083333335
159.8254375
160.26533333333333
160.70522916666667
161.14029166666666
161.58085416666665
162.02139583333334
162.4619375
162.90247916666667
163.34302083333333
163.78358333333333
164.22735416666666
164.6669375
165.10652083333332
165.54610416666668
165.9856875
166.42529166666668
166.85408333333334
167.29247916666668
167.730875
168.16929166666668
168.6076875
169.04610416666668
169.50572916666667
169.94458333333333
170.3834375
170.82229166666667
171.26114583333333
171.7
172.17145833333333
172.60995833333334
173.04845833333334
173.48695833333332
173.92547916666666
174.36397916666667
174.81702083333334
175.25552083333332
175.69402083333333
176.13252083333333
176.57102083333334
177.00952083333334
177.44802083333335
178.13383333333334
178.57266666666666
179.0115
179.45033333333333
179.88916666666665
180.6310625
181.0704375
181.5098125
181.9491875
182.38854166666667
182.82791666666665
183.262875
183.70314583333334
184.14341666666667
184.58370833333333
185.02397916666666
185.46425
185.99052083333333
186.43216666666666
186.8738125
187.3154375
187.75708333333333
188.19872916666668
188.6351875
189.07697916666666
189.51877083333332
189.96054166666667
190.40233333333333
190.844125
191.4141875
191.85604166666667
192.29789583333334
192.73977083333332
193.181625
193.62347916666667
194.06770833333334
194.50904166666666
194.950375
195.39170833333333
195.83304166666667
196.274375
196.71095833333334
197.15089583333332
197.5908125
198.03075
198.4706875
198.91060416666667
199.34460416666667
199.78391666666667
200.22325
200.6625625
201.10189583333334
201.54120833333334
201.98054166666665
202.45020833333334
202.8898125
203.32941666666667
203.769
204.20860416666667
204.64820833333334
205.11433333333332
205.55327083333333
205.99222916666668
206.43116666666666
206.87010416666666
207.3090625
207.95320833333332
208.3924375
208.8316875
209.27091666666666
209.71014583333334
210.14939583333333
210.58335416666668
211.02264583333334
211.4619375
211.90125
212.34054166666667
212.77983333333333
213.0619375
213.5024375
213.9429375
214.3834375
214.8239375
215.2644375
215.69927083333334
216.1394375
216.57960416666666
217.01977083333333
217.45991666666666
217.90008333333333
218.34025
218.77495833333333
219.21497916666667
219.655
220.09504166666667
220.5350625
220.97508333333334
221.4089375
221.84810416666667
222.28727083333334
222.7264375
223.16560416666667
223.60477083333333
224.0386875
224.4779375
224.9171875
225.3564375
225.7956875
226.23491666666666
226.66910416666667
227.108625
227.548125
227.98764583333335
228.42716666666666
228.86666666666667
