6.420702947845805
6.911428571428571
7.87687074829932
8.36251700680272
8.84814058956916
9.216938775510204
9.71077097505669
10.204580498866212
10.800476190476191
11.294421768707483
11.788367346938776
12.287596371882087
12.780498866213152
13.273401360544218
13.651020408163266
14.14312925170068
14.635215419501133
15.204671201814058
15.697369614512471
16.190045351473923
16.676780045351475
17.169319727891157
17.66185941043084
18.12
18.58392290249433
19.04784580498866
19.499478458049886
19.95689342403628
20.414331065759637
20.85074829931973
21.30854875283447
21.766326530612243
22.224126984126983
22.67328798185941
23.13031746031746
23.58734693877551
24.276326530612245
24.733378684807256
25.19045351473923
25.689886621315193
26.195124716553288
26.700362811791383
27.194943310657596
27.69532879818594
28.195714285714285
28.925873015873016
29.426349206349208
29.737120181405896
30.237165532879818
30.73718820861678
31.22501133786848
31.723673469387755
32.22233560090703
32.77680272108844
33.27562358276644
33.774421768707484
34.33514739229025
34.83773242630385
35.34034013605442
36.009727891156466
36.51328798185941
37.01687074829932
37.51326530612245
38.01253968253968
38.51179138321996
39.00195011337868
39.49791383219954
39.993854875283446
40.48269841269841
40.978707482993194
41.47473922902494
41.96655328798186
42.46419501133787
42.961836734693875
43.54605442176871
44.045804988662134
44.54555555555555
44.912721088435376
45.41385487528345
45.914965986394556
46.44514739229025
46.948344671201816
47.45156462585034
47.873718820861676
48.25687074829932
48.64
49.02401360544218
49.40573696145125
49.78748299319728
50.16920634920635
50.56526077097506
50.94571428571429
51.32616780045351
51.70662131519274
52.08272108843538
52.46201814058957
52.8412925170068
53.220589569161
53.615873015873014
53.994353741496596
54.37281179138322
54.75126984126984
55.148548752834465
55.527528344671204
55.90648526077098
56.28546485260771
56.698798185941044
57.08004535147392
57.461292517006804
57.84253968253968
58.23580498866213
58.615873015873014
58.9959410430839
59.376009070294785
59.76501133786848
60.14551020408163
60.52603174603175
60.915827664399096
61.295963718820865
61.67612244897959
62.056281179138324
62.45673469387755
62.835691609977324
63.2146485260771
63.59360544217687
63.97732426303855
64.35571428571428
64.73408163265306
65.1124716553288
65.72133786848073
66.29492063492063
66.87396825396826
67.44489795918368
68.0158276643991
68.5844671201814
69.15523809523809
69.72600907029478
70.28836734693877
70.8565306122449
71.418231292517
71.98575963718821
72.55326530612246
73.14585034013605
73.71394557823129
74.27603174603175
74.84392290249433
75.41181405895692
75.82820861678005
76.3961224489796
76.96401360544218
77.52115646258504
78.08773242630386
78.65433106575964
79.2398866213152
79.80786848072562
80.55773242630386
80.93555555555555
81.31337868480726
81.69120181405896
82.06170068027211
82.43798185941043
82.81426303854876
83.19054421768708
83.41941043083901
83.79501133786849
84.17061224489795
84.5462358276644
84.93344671201814
85.30789115646259
85.682358276644
86.05680272108843
86.65757369614512
87.22272108843538
87.7954195011338
88.35857142857142
88.92172335600907
89.31916099773242
89.88265306122449
90.44616780045351
91.00428571428571
91.56730158730159
92.37122448979592
92.93385487528344
93.49648526077098
94.05321995464853
94.6157596371882
95.36655328798186
95.92936507936508
96.4921768707483
96.9532879818594
97.51664399092971
98.10997732426304
98.67351473922902
99.23705215419501
99.8411111111111
100.4072335600907
100.97337868480726
101.55210884353741
102.1198185941043
102.52943310657596
102.91004535147393
103.29068027210884
103.6712925170068
104.04875283446712
104.4270068027211
104.80528344671202
105.18353741496598
105.58566893424036
105.9634693877551
106.34124716553288
106.71904761904761
107.31725623582767
107.88877551020408
108.46002267573697
109.02909297052155
109.59816326530613
110.17077097505668
110.73909297052154
111.30739229024944
111.85775510204081
112.42374149659864
113.02426303854875
113.59
114.15575963718821
114.72530612244898
115.29115646258504
115.85702947845805
116.65133786848072
117.22097505668934
117.79106575963719
118.35845804988662
118.95562358276644
119.52426303854875
120.09290249433107
120.6662358276644
121.23439909297052
121.80256235827665
122.38240362811791
122.95079365079366
123.54501133786849
124.11315192743764
124.68126984126984
125.26024943310658
125.82879818594104
126.39866213151927
126.96591836734694
127.5331746031746
128.1041723356009
128.67068027210885
129.23716553287983
129.6180045351474
129.99519274376416
130.37238095238095
130.75569160997733
131.13174603174602
131.5077777777778
131.88383219954648
132.26451247165534
132.6392970521542
133.01410430839002
133.38888888888889
133.78659863945578
134.16106575963718
134.5355328798186
134.90997732426302
135.31412698412697
135.6897732426304
136.0654195011338
136.44106575963718
136.82219954648525
137.1980498866213
137.57390022675736
137.9497505668934
138.49544217687074
138.8698866213152
139.24433106575964
139.61875283446713
139.98496598639457
140.35698412698412
140.72897959183675
141.1009977324263
141.46716553287982
141.83913832199548
142.2111111111111
142.58308390022677
142.9478911564626
143.31850340136054
143.6891156462585
144.05972789115646
144.42702947845805
144.80015873015873
145.17326530612246
145.54639455782313
145.92573696145124
146.3002494331066
146.67478458049888
147.0492970521542
147.41945578231292
147.79541950113378
148.17138321995463
148.54736961451246
148.91741496598638
149.29326530612244
149.6691156462585
150.04496598639454
150.41560090702947
150.79204081632653
151.1684807256236
151.54492063492063
151.865873015873
152.24136054421768
152.61684807256236
152.99233560090704
153.58784580498866
153.96342403628117
154.33897959183673
154.71480725623582
155.08916099773242
155.463537414966
155.83789115646258
156.25975056689342
156.6388662131519
157.01798185941044
157.39712018140588
157.76702947845806
158.14274376417234
158.5184807256236
158.89419501133787
159.32569160997733
159.70179138321996
160.07791383219956
160.45401360544219
160.85897959183674
161.4291836734694
161.99278911564625
162.56015873015872
163.1275283446712
163.66210884353742
164.22868480725623
164.79526077097506
165.35596371882087
165.92244897959185
166.57453514739228
167.1414739229025
167.7084126984127
168.2691836734694
168.8357596371882
169.39539682539683
169.96083900226756
170.52625850340135
171.1114739229025
171.67643990929705
172.2414058956916
172.8425396825397
173.4082993197279
174.00836734693877
174.57827664399093
175.1481859410431
175.5324716553288
176.09918367346938
176.66587301587302
177.24793650793652
177.8161224489796
178.3969387755102
178.96485260770976
179.53274376417232
180.10569160997733
180.67337868480726
181.24108843537414
181.8197052154195
182.38544217687075
182.94607709750568
183.5108843537415
184.0757142857143
184.67163265306124
185.23709750566894
185.9844671201814
186.55013605442176
187.1158276643991
187.6934693877551
188.25848072562357
188.85589569161
189.42061224489797
189.9853514739229
190.5447619047619
191.10997732426304
192.23455782312925
192.79975056689344
193.3579365079365
193.92190476190476
194.48589569160998
195.04403628117913
195.60795918367347
196.16603174603173
196.7299319727891
197.29383219954647
197.85151927437641
198.4150113378685
198.97850340136054
199.5945351473923
200.15820861678006
200.71562358276643
201.27884353741496
201.84208616780046
202.3997052154195
202.96312925170068
203.52655328798187
204.08446712018142
204.64816326530612
205.1635827664399
205.68478458049887
206.20600907029478
206.71562358276643
207.23106575963718
207.74650793650792
208.25684807256235
208.7729931972789
209.28913832199547
209.79902494331066
210.31471655328798
210.83043083900228
211.33997732426303
211.8553514739229
