2.7412916666666667
3.1260208333333335
3.51075
3.8954583333333335
4.2801875
4.664916666666667
5.049625
5.434354166666667
5.9731875
6.425020833333333
6.876833333333333
7.328645833333334
7.780458333333334
8.44325
8.894895833333333
9.346520833333333
9.798166666666667
10.249791666666667
10.7014375
11.170875
11.622520833333333
12.074145833333333
12.525770833333333
12.977395833333333
13.429020833333333
13.889416666666667
14.3405625
14.791708333333334
15.242854166666667
15.694
16.145166666666668
16.587875
17.037520833333332
17.487166666666667
17.936833333333333
18.386479166666668
18.836125
19.352125
19.802833333333332
20.253541666666667
20.70425
21.154979166666667
21.6056875
22.070645833333334
22.520979166666667
22.9713125
23.421645833333333
23.871979166666666
24.3223125
24.832020833333335
25.284354166666667
25.736666666666668
26.189
26.641333333333332
27.093666666666667
27.5616875
28.0128125
28.4639375
28.9150625
29.3661875
29.8173125
30.286729166666667
30.738270833333335
31.189833333333333
31.641395833333334
32.092958333333335
32.5445
33.0145625
33.4648125
33.9150625
34.3653125
34.8155625
35.2658125
35.729104166666666
36.178270833333336
36.62745833333334
37.076625
37.5258125
37.974979166666664
38.44510416666667
38.89364583333333
39.3421875
39.790729166666665
40.239270833333336
40.6878125
41.16285416666667
41.611270833333336
42.0596875
42.50810416666667
42.956520833333336
43.404916666666665
43.89485416666667
44.34364583333333
44.7924375
45.24122916666666
45.690020833333335
46.1388125
46.60222916666667
47.0509375
47.49966666666667
47.948375
48.397083333333335
48.84579166666666
49.31891666666667
49.76702083333333
50.21514583333333
50.66325
51.111375
51.55947916666667
52.0615
52.50975
52.958020833333336
53.40629166666667
53.85454166666667
54.3028125
54.790125
55.2385
55.686875
56.13522916666667
56.58360416666667
57.031979166666666
57.527375
57.976729166666665
58.4260625
58.875416666666666
59.32477083333333
59.774125
60.218270833333335
60.66775
61.11722916666667
61.56670833333333
62.0161875
62.465666666666664
62.88247916666667
63.33139583333333
63.78033333333333
64.22927083333333
64.6781875
65.127125
65.70308333333334
66.15139583333334
66.59972916666666
67.0480625
67.49639583333334
67.94472916666666
68.42960416666666
68.87820833333333
69.32679166666667
69.77539583333333
70.224
70.67258333333334
71.15666666666667
71.605875
72.0550625
72.50427083333334
72.95347916666667
73.40266666666666
73.91454166666666
74.36579166666667
74.8170625
75.26833333333333
75.71958333333333
76.17085416666667
76.6316875
77.08285416666666
77.53404166666667
77.98520833333333
78.436375
78.88754166666666
79.37816666666667
79.82979166666667
80.28139583333333
80.733
81.18460416666667
81.63622916666667
82.11270833333333
82.56383333333333
83.01495833333334
83.46608333333333
83.91720833333333
84.36833333333334
84.81377083333334
85.26454166666667
85.71529166666667
86.1660625
86.61683333333333
87.06758333333333
87.56091666666667
88.01122916666667
88.46152083333334
88.91183333333333
89.362125
89.8124375
90.2764375
90.72545833333334
91.17447916666667
91.62352083333333
92.07254166666667
92.5215625
93.002
93.4496875
93.897375
94.34504166666666
94.79272916666666
95.24039583333334
95.72858333333333
96.17652083333333
96.62447916666666
97.07241666666667
97.52035416666666
97.96829166666667
98.44508333333333
98.89310416666666
99.34110416666667
99.78910416666666
100.23710416666667
100.68510416666666
101.12797916666666
101.57616666666667
102.024375
102.47258333333333
102.92077083333334
103.36897916666666
103.81191666666666
104.2601875
104.70845833333334
105.15672916666666
105.605
106.05327083333333
106.49610416666667
106.94429166666667
107.39247916666666
107.84064583333334
108.28883333333333
108.737
109.1851875
109.62870833333334
110.07754166666666
110.52639583333334
110.97525
111.42410416666667
111.8729375
112.20141666666666
112.6504375
113.09945833333333
113.54847916666667
113.99747916666666
114.4465
114.89029166666667
115.3394375
115.7885625
116.2376875
116.6868125
117.13595833333333
117.43860416666666
117.88783333333333
118.3370625
118.78627083333333
119.2355
119.68472916666667
120.1843125
120.63460416666666
121.08489583333333
121.53520833333333
121.9855
122.43579166666666
122.89408333333333
123.3446875
123.79529166666667
124.24589583333334
124.6965
125.14710416666667
125.68595833333333
126.13729166666667
126.588625
127.03995833333333
127.49129166666667
127.942625
128.3885
128.83970833333333
129.29091666666667
129.742125
130.19333333333333
130.64454166666667
131.0899375
131.54066666666668
131.99139583333334
132.442125
132.89285416666667
133.34358333333333
133.787875
134.2375
134.687125
135.13675
135.586375
136.036
136.485625
136.92883333333333
137.37739583333334
137.8259375
138.27447916666668
138.72302083333332
139.17158333333333
139.61004166666666
140.05739583333335
140.50475
140.95210416666666
141.39947916666668
141.84683333333334
142.33766666666668
142.78547916666668
143.23329166666667
143.68110416666667
144.12889583333333
144.57670833333333
145.10045833333334
145.54822916666666
145.996
146.44377083333333
146.89154166666665
147.3393125
147.80716666666666
148.25564583333335
148.704125
149.15260416666666
149.60108333333332
150.04954166666667
150.56329166666666
151.01391666666666
151.46452083333332
151.91514583333333
152.36575
152.816375
153.3244375
153.77664583333333
154.22885416666668
154.68108333333333
155.13329166666668
155.58552083333333
156.03920833333333
156.4921875
156.94516666666667
157.39814583333333
157.851125
158.30410416666666
158.578875
159.032375
159.485875
159.939375
160.392875
160.846375
161.34589583333334
161.79922916666666
162.2525625
162.70589583333333
163.15925
163.61258333333333
164.06004166666668
164.51285416666667
164.96564583333333
165.41845833333332
165.87125
166.32404166666666
166.78877083333333
167.240875
167.69295833333334
168.14504166666666
168.59714583333334
169.04922916666666
169.57527083333332
170.02654166666667
170.4778125
170.92908333333332
171.38035416666668
171.831625
172.2773125
172.72835416666666
173.179375
173.63041666666666
174.08145833333333
174.53247916666666
175.07391666666666
175.5245
175.97508333333334
176.42564583333333
176.87622916666666
177.3268125
177.8165625
178.2673125
178.71808333333334
179.16883333333334
179.61958333333334
180.07035416666668
180.51470833333335
180.964375
181.4140625
181.86375
182.3134375
182.763125
183.2061875
183.65460416666667
184.103
184.55139583333334
184.9998125
185.44820833333333
185.859125
186.30689583333333
186.7546875
187.20245833333334
187.65022916666666
188.09802083333332
188.617625
189.06566666666666
189.51370833333334
189.96175
190.40979166666668
190.85783333333333
191.37954166666665
191.8305
192.28147916666666
192.73245833333334
193.1834375
193.63441666666668
194.1458125
194.59777083333333
195.04972916666668
195.50170833333334
195.95366666666666
196.405625
196.90627083333334
197.35877083333332
197.81125
198.26375
198.71625
199.16872916666668
199.65464583333332
200.10702083333334
200.559375
201.01175
201.464125
201.91647916666668
202.386875
202.8385
203.29010416666668
203.74170833333332
204.19333333333333
204.6449375
205.11972916666667
205.57058333333333
206.02145833333333
206.4723125
206.9231875
207.37404166666667
207.86760416666667
208.31695833333333
208.7663125
209.21566666666666
209.665
210.11435416666666
210.83352083333332
211.283625
211.73370833333334
212.1838125
212.63389583333333
213.1629375
213.61414583333334
214.06535416666668
214.51654166666665
214.96775
215.41895833333334
215.86514583333334
216.3166875
216.76822916666666
217.21977083333334
217.6713125
218.12285416666666
218.65027083333334
219.10216666666668
219.5540625
220.0059375
220.45783333333333
220.90972916666666
221.35560416666667
221.80679166666667
222.258
222.70920833333332
223.16039583333333
223.61160416666667
224.07241666666667
224.52247916666667
224.9725625
225.42264583333332
225.87272916666666
226.32279166666666
227.06670833333334
227.51597916666665
227.96525
228.4145
228.86377083333332
229.31304166666666
229.76575
230.21347916666667
230.6611875
231.10891666666666
231.55664583333333
232.004375
232.45495833333334
232.9020625
233.34916666666666
233.79627083333332
234.24335416666668
234.69045833333334
235.3923125
235.83910416666666
236.28591666666668
236.73270833333333
237.17952083333333
237.62054166666667
238.066875
238.51322916666666
238.95958333333334
239.40591666666666
239.85227083333334
240.35147916666668
240.79797916666666
241.24445833333334
241.69095833333333
242.1374375
242.5839375
243.44575
243.8925625
244.339375
244.7861875
245.23302083333334
245.67983333333333
246.11977083333332
