1.4646485260770976
1.6788662131519274
1.8930839002267574
2.1073015873015875
2.3214965986394556
2.5357142857142856
2.7499319727891156
3.3979138321995466
3.8259410430839003
4.253990929705216
4.707596371882087
5.1670294784580495
5.626439909297052
6.294920634920635
6.754353741496598
7.213809523809524
7.452630385487528
7.806848072562358
8.16108843537415
8.51530612244898
8.869546485260772
9.636462585034014
10.186916099773242
11.019863945578232
11.569931972789115
12.440272108843537
12.98514739229025
13.891791383219955
14.464943310657596
15.07578231292517
15.427755102040816
15.779727891156462
16.131700680272107
16.50190476190476
16.79231292517007
17.082721088435374
17.373106575963718
17.663514739229026
18.09609977324263
18.72299319727891
19.62891156462585
20.20972789115646
21.130498866213152
21.59378684807256
22.057074829931974
22.597414965986395
23.07183673469388
23.5462358276644
23.863174603174603
24.337709750566894
24.812244897959182
25.525056689342403
26.05925170068027
26.593424036281178
26.871315192743765
27.270408163265305
27.66950113378685
28.06859410430839
28.68575963718821
29.132426303854874
29.579070294784582
29.996349206349205
30.35718820861678
30.718004535147394
31.078820861678004
31.601972789115646
32.06467120181406
32.52734693877551
33.029591836734696
33.449229024943314
33.868866213151925
34.169931972789115
34.366734693877554
34.563537414965985
34.76031746031746
34.9571201814059
35.15390022675737
35.350702947845804
35.54750566893424
35.74111111111111
35.93780045351474
36.13451247165533
36.33122448979592
36.527913832199545
36.72462585034014
36.92133786848073
37.11802721088436
38.24056689342404
38.706916099773245
39.04233560090703
39.377755102040815
39.7131746031746
40.04859410430839
40.81018140589569
41.31160997732426
41.74945578231293
42.137074829931976
42.52469387755102
42.91231292517007
43.69947845804989
44.476507936507936
45.2544671201814
46.030589569160995
46.809342403628115
47.59351473922902
48.36922902494331
49.151927437641724
49.92877551020408
50.712108843537415
51.48875283446712
52.267709750566894
53.04356009070295
53.82671201814059
54.60290249433107
55.38399092970521
56.15975056689342
56.94446712018141
57.72081632653061
58.50061224489796
59.27650793650793
60.06095238095238
60.83707482993197
61.61816326530612
62.39596371882086
63.171678004535146
63.95748299319728
64.73333333333333
65.51360544217687
66.28975056689342
67.07521541950113
67.85156462585034
68.62961451247166
69.40426303854875
70.19142857142857
70.96659863945578
71.74746031746032
72.52269841269842
73.30909297052155
74.08548752834467
74.8653514739229
75.64092970521541
76.4243537414966
77.20022675736962
77.98213151927438
78.76074829931973
79.53616780045351
80.32215419501134
80.70886621315192
81.09557823129252
81.48231292517006
81.86614512471655
82.25131519274376
82.63646258503401
83.02163265306122
83.43129251700681
83.81625850340136
84.20122448979592
84.58619047619048
84.98172335600907
85.36718820861678
85.75265306122449
86.13809523809523
86.54301587301588
86.92839002267574
87.3137641723356
87.7178231292517
88.10290249433106
88.48795918367347
88.87303854875283
89.27886621315193
89.66444444444444
90.05002267573695
90.43562358276644
90.83399092970521
91.22013605442177
91.60625850340136
91.99240362811791
92.38965986394558
92.77587301587302
93.16208616780045
93.54832199546485
93.95031746031746
94.33548752834467
94.72068027210884
95.90204081632653
96.68428571428572
97.46077097505669
98.24031746031746
99.01607709750567
99.80179138321995
100.57798185941043
101.35829931972789
102.13333333333334
102.91655328798186
103.69233560090703
104.47557823129252
105.25083900226757
106.03378684807257
106.8095918367347
107.59371882086168
108.36950113378686
109.15040816326531
109.92643990929706
110.71068027210885
111.48875283446712
112.26532879818595
113.0350566893424
113.810589569161
114.60181405895692
115.37362811791384
116.15408163265306
116.92761904761905
117.71743764172335
118.49244897959184
118.88283446712018
119.26875283446712
119.65469387755103
120.04063492063491
120.4443537414966
120.8285941043084
121.21285714285715
121.59709750566894
121.99997732426304
122.38471655328799
122.76945578231293
123.1541723356009
123.56319727891156
123.94816326530612
124.33315192743764
124.7181179138322
125.11544217687074
125.50061224489797
125.88578231292517
126.27095238095238
126.65
127.03485260770975
127.4197052154195
127.84204081632653
128.2265306122449
128.61104308390023
128.99555555555557
129.4021088435374
129.78709750566892
130.17210884353742
130.5571201814059
130.9612244897959
131.34578231292517
131.73034013605442
132.11489795918368
132.51891156462585
132.90433106575964
133.28975056689342
133.6751700680272
134.07857142857142
134.46344671201814
134.84832199546486
135.25326530612244
135.63839002267574
136.02349206349206
136.40861678004535
136.81138321995465
137.19591836734693
137.58045351473922
137.96496598639456
138.36882086167802
138.75371882086168
139.13861678004534
139.523537414966
139.92725623582766
140.31183673469388
140.69639455782314
141.08095238095237
141.48566893424035
141.87036281179138
142.2550566893424
142.64718820861677
143.03249433106575
143.4177777777778
143.8030612244898
144.99603174603175
145.77403628117915
146.54995464852607
147.33390022675738
148.10986394557824
148.8914739229025
149.66750566893424
150.45174603174604
151.22802721088436
152.00492063492064
152.7807709750567
153.55528344671202
154.33131519274377
155.00909297052155
155.78229024943312
156.6185941043084
157.38925170068026
158.05943310657597
158.83555555555554
159.51988662131518
160.2942857142857
161.11414965986395
161.88596371882088
162.60836734693876
163.38149659863944
164.1051247165533
164.8725850340136
165.66503401360544
166.4219954648526
167.20430839002267
167.99154195011337
168.77242630385487
169.54278911564626
169.92916099773242
170.3155328798186
170.70190476190476
171.09766439909296
171.48249433106577
171.86732426303854
172.2521768707483
172.65603174603174
173.04068027210883
173.42535147392292
173.81
174.21428571428572
174.59941043083901
174.98451247165534
175.3701133786848
175.75448979591837
176.13884353741497
176.52321995464854
176.93605442176872
177.3198185941043
177.70360544217687
178.08739229024943
178.46571428571428
178.84984126984128
179.23396825396824
179.61809523809524
180.05197278911564
180.43616780045352
180.82034013605443
181.20451247165533
181.5989342403628
181.98272108843537
182.366485260771
182.75027210884355
183.12866213151926
183.51287981859412
183.89707482993197
184.33263038548753
184.71666666666667
185.1007029478458
185.48473922902494
185.90517006802722
186.28931972789115
186.67344671201815
187.0575736961451
187.4503628117914
187.8345351473923
188.2187074829932
188.60285714285715
189.02043083900227
189.4045804988662
189.78873015873015
190.1728798185941
190.56421768707483
190.94861678004534
191.3329931972789
191.74056689342405
192.12519274376416
192.5098185941043
192.89444444444445
193.2957142857143
193.6794557823129
194.06321995464853
194.44696145124718
194.85707482993197
195.24138321995466
195.62566893424037
196.00997732426305
196.41408163265305
196.79866213151928
197.18324263038548
197.5678231292517
197.97460317460317
198.35954648526078
198.74448979591835
199.13056689342403
199.5149433106576
199.89931972789117
200.28367346938776
200.66206349206348
201.0462358276644
201.4304081632653
201.8145804988662
202.2241723356009
202.60736961451246
202.990589569161
203.3738095238095
203.7317006802721
204.1212244897959
204.51074829931972
204.90027210884352
205.3481632653061
205.73369614512472
206.11920634920634
206.50471655328798
206.83904761904762
207.216462585034
207.5938775510204
207.97129251700682
208.39013605442176
208.8031746031746
209.21619047619046
209.5761224489796
209.9884126984127
210.40068027210884
210.81297052154196
211.32448979591837
211.73834467120182
212.1521768707483
212.6203401360544
213.03321995464853
