1.6021768707482993
1.8750113378684807
2.1478684807256236
2.4207256235827663
2.693560090702948
3.299206349206349
3.8565532879818596
4.413877551020408
4.945079365079365
5.496689342403628
6.0383673469387755
6.587936507936508
7.13750566893424
7.693015873015873
8.241043083900227
8.789070294784581
9.329773242630386
9.876281179138322
10.44671201814059
10.992925170068027
11.539115646258503
12.36063492063492
12.90530612244898
13.597278911564626
14.143877551020408
14.69047619047619
15.232494331065759
15.77641723356009
16.49138321995465
16.906780045351475
17.322154195011336
17.7375283446712
18.143356009070295
18.55498866213152
18.966598639455782
19.407641723356008
19.816643990929705
20.225646258503403
20.634625850340136
20.955328798185942
21.36387755102041
21.772403628117914
22.18095238095238
22.5968253968254
23.005124716553286
23.413424036281178
23.824240362811793
24.233333333333334
24.642426303854876
25.051519274376417
25.35074829931973
25.7602947845805
26.16984126984127
26.57938775510204
26.983968253968253
27.394331065759637
27.80471655328798
28.249659863945578
28.659727891156464
29.06981859410431
29.479909297052153
30.08498866213152
30.49784580498866
30.910702947845806
31.466213151927438
32.01975056689342
32.57331065759637
33.11528344671202
33.66612244897959
34.202448979591836
34.74907029478458
35.29571428571428
35.84913832199546
36.39539682539682
36.94163265306123
37.49646258503402
38.04294784580499
38.58943310657597
39.04560090702948
39.59492063492063
40.159342403628116
40.709705215419504
41.26009070294785
41.83086167800454
42.38176870748299
42.93267573696145
43.602222222222224
44.15269841269841
44.71104308390023
45.26174603174603
45.8124716553288
46.344807256235825
46.89281179138322
47.44083900226757
48.01816326530612
48.56848072562358
49.12854875283447
49.67956916099773
50.230589569161
50.79557823129252
51.3471201814059
51.89868480725624
52.44947845804989
53.00011337868481
53.55367346938775
54.103197278911566
54.65272108843537
55.19485260770975
55.7431746031746
56.29151927437642
56.842721088435376
57.38920634920635
57.942562358276646
58.489274376417235
59.035986394557824
59.6153514739229
60.164648526077094
60.71392290249433
61.27231292517007
61.82274376417234
62.37319727891156
62.926054421768704
63.47551020408163
64.02775510204081
64.57646258503401
65.12514739229024
65.69267573696145
66.24156462585034
66.79045351473923
67.32204081632653
67.8698185941043
68.41138321995464
68.9571201814059
69.50283446712018
70.0622902494331
70.60727891156462
71.15229024943311
71.7165306122449
72.26335600907029
72.8262358276644
73.37390022675737
73.92154195011338
74.49265306122449
75.04192743764172
75.59117913832199
76.15843537414966
76.7097052154195
77.29231292517007
77.84528344671202
78.39823129251701
78.95002267573696
79.50274376417234
80.05546485260771
80.59537414965986
81.14528344671201
81.69517006802721
82.24612244897959
82.79283446712019
83.34986394557824
83.89761904761905
84.44537414965987
85.00707482993197
85.55625850340137
86.10546485260771
86.67875283446712
87.2287074829932
87.77410430839002
88.32297052154195
88.87183673469387
89.42696145124717
89.97451247165533
90.5220634920635
91.08380952380952
91.63068027210885
92.18718820861677
92.73619047619047
93.28519274376417
93.84920634920636
94.39927437641724
94.94936507936508
95.51210884353742
96.06113378684807
96.60718820861678
97.15421768707483
97.70126984126985
98.259410430839
98.80630385487528
99.35319727891157
99.90321995464852
100.44972789115646
100.99625850340136
101.49904761904762
102.04566893424037
102.58539682539683
103.13090702947846
103.67639455782313
104.22034013605442
104.77092970521542
105.32151927437641
105.90784580498867
106.46650793650794
107.12117913832199
107.67775510204082
108.23433106575963
108.79501133786849
109.34802721088435
109.90104308390022
110.43469387755103
110.98272108843537
111.52668934240363
112.07310657596372
112.61952380952381
113.18371882086167
113.7318820861678
114.28004535147392
114.8322902494331
115.38054421768707
115.95995464852608
116.50986394557823
117.05977324263038
117.64063492063492
118.1920634920635
118.74349206349207
119.28609977324263
119.83791383219955
120.37414965986395
120.92147392290249
121.46882086167801
122.01333333333334
122.55863945578231
123.10392290249433
123.65399092970522
124.19895691609977
124.74392290249433
125.28507936507937
125.83204081632653
126.432358276644
126.98065759637188
127.52895691609977
128.0957596371882
128.64492063492062
129.1940589569161
129.74038548752836
130.28750566893424
130.83451247165533
131.38090702947846
131.92732426303854
132.49702947845805
133.04458049886622
133.59215419501135
134.16310657596372
134.71235827664398
135.25655328798186
135.80650793650793
136.35648526077097
136.89736961451248
137.4450113378685
137.9926530612245
138.53532879818593
139.08077097505668
139.6262358276644
140.1571201814059
140.70156462585035
141.21507936507936
141.75975056689342
142.30442176870747
142.83045351473922
143.3707029478458
143.9109297052154
144.5524036281179
145.10646258503402
145.67766439909298
146.23072562358277
146.78378684807257
147.32369614512473
147.87517006802722
148.42666666666668
149.07857142857142
149.62768707482994
150.20603174603175
150.75566893424036
151.30530612244897
151.87102040816328
152.42115646258503
152.97129251700682
153.5169841269841
154.06684807256235
154.61646258503401
155.16378684807256
155.71113378684808
156.26122448979592
156.80791383219955
157.35462585034014
157.90390022675737
158.45022675736962
159.00487528344672
159.55095238095237
160.0970068027211
160.66142857142856
161.20943310657597
161.75743764172336
162.31140589569162
162.86077097505668
163.41013605442177
163.97707482993198
164.52666666666667
165.06834467120183
165.61612244897958
166.16392290249433
166.71902494331067
167.26546485260772
167.8118820861678
168.37367346938777
168.92031746031745
169.48183673469387
170.0302947845805
170.57877551020408
171.14514739229026
171.69460317460317
172.2440589569161
172.79895691609977
173.3469387755102
173.89548752834466
174.4425396825397
174.98956916099775
175.55403628117915
176.10172335600907
176.64943310657597
177.2188888888889
177.76816326530613
178.32643990929705
178.8764172335601
179.42637188208616
179.97326530612244
180.52253968253967
181.0718140589569
181.62780045351474
182.17521541950114
182.7226530612245
183.2755782312925
183.82249433106577
184.38145124716553
184.92879818594105
185.4761678004535
186.0195918367347
186.56596371882085
187.11233560090702
187.60907029478457
188.154693877551
188.70031746031745
189.23503401360543
189.7784126984127
190.39619047619047
190.95056689342402
191.50496598639455
192.06034013605444
192.60897959183674
193.15764172335602
193.5387074829932
194.08721088435374
194.63573696145124
195.1889342403628
195.7365986394558
196.31124716553288
196.85993197278913
197.40863945578232
197.96369614512471
198.51244897959182
199.0612244897959
199.6202947845805
200.16965986394558
200.72848072562357
201.27727891156462
201.82607709750567
202.66986394557824
203.21979591836734
203.77965986394557
204.33
204.88034013605443
205.43056689342404
205.97961451247164
206.52863945578233
207.0770068027211
207.62410430839003
208.16557823129253
208.71165532879817
209.2577097505669
209.81709750566893
210.36331065759637
210.90952380952382
211.47741496598638
212.02337868480726
212.5871201814059
213.1346485260771
213.6821768707483
214.23331065759638
214.78074829931973
215.32818594104307
215.8861678004535
216.4338775510204
216.9998866213152
217.54736961451246
218.09482993197278
218.659410430839
219.20827664399093
219.75714285714287
220.33238095238096
220.88308390022675
221.44015873015874
221.99072562358276
222.54126984126984
223.09637188208617
223.64630385487527
224.1962358276644
224.7430612244898
225.29061224489797
225.83816326530612
226.39619047619047
226.94349206349207
227.50038548752835
228.04795918367347
228.59555555555556
229.1322902494331
229.67977324263038
230.22725623582767
230.775873015873
231.32290249433106
231.87428571428572
232.41927437641723
232.96424036281178
233.5343537414966
234.08090702947845
234.62748299319728
235.18290249433107
235.73020408163265
236.29319727891158
236.8415873015873
237.38995464852607
237.9331065759637
238.48006802721088
239.02702947845805
239.60825396825396
240.15761904761905
240.70700680272108
241.25433106575963
241.80233560090704
242.36081632653062
242.9106575963719
243.46049886621316
244.00201814058957
244.548820861678
245.09562358276645
245.63650793650794
246.18319727891156
246.72668934240363
247.27598639455783
247.825283446712
248.36757369614512
248.91569160997733
249.46380952380952
250.00532879818593
250.5526530612245
