2.9660208333333333
3.3625
3.7589791666666668
4.155458333333334
4.5519375
4.9483958333333335
5.344875
5.7695
6.16675
6.564
6.96125
7.3585
7.75575
8.153
8.5689375
8.966270833333333
9.363583333333333
9.760916666666667
10.158229166666667
10.555541666666667
10.967854166666667
11.364229166666666
11.760604166666667
12.157
12.553375
12.94975
13.346145833333333
13.769041666666666
14.165333333333333
14.561625
14.957916666666666
15.354229166666666
15.750520833333333
16.1468125
16.571833333333334
16.968333333333334
17.364854166666667
17.761375
18.157895833333335
18.55441666666667
18.9509375
19.37302083333333
19.7695625
20.166125
20.562666666666665
20.959208333333333
21.355770833333334
21.7523125
22.174229166666667
22.57075
22.967270833333334
23.3638125
23.76033333333333
24.156854166666665
24.57725
24.973395833333335
25.369541666666667
25.7656875
26.161833333333334
26.557958333333332
26.954104166666667
27.376520833333334
27.7725625
28.168583333333334
28.564604166666665
28.960645833333334
29.356666666666666
29.7526875
30.1684375
30.563895833333333
30.959354166666667
31.3548125
31.75025
32.14570833333333
32.54116666666667
32.980020833333334
33.376104166666664
33.7721875
34.16827083333333
34.56435416666667
34.9604375
35.356520833333335
35.783375
36.17979166666667
36.576208333333334
36.972625
37.36904166666667
37.765458333333335
38.161854166666664
38.583729166666664
38.980041666666665
39.376375
39.7726875
40.169
40.5653125
40.98347916666667
41.379958333333335
41.77641666666667
42.172895833333335
42.569375
42.96585416666667
43.36233333333333
43.786541666666665
44.18241666666667
44.5783125
44.9741875
45.37008333333333
45.76595833333333
46.161833333333334
46.586
46.982104166666666
47.37820833333333
47.7743125
48.17041666666667
48.566520833333335
48.962625
49.38760416666667
49.7835625
50.179520833333335
50.57547916666667
50.9714375
51.367375
51.763333333333335
52.1875625
52.58352083333333
52.979479166666664
53.3754375
53.77141666666667
54.167375
54.56333333333333
55.19466666666667
55.59064583333333
55.986604166666666
56.382583333333336
56.7785625
57.17452083333333
57.605375
58.001333333333335
58.39727083333333
58.79322916666667
59.189166666666665
59.585125
59.98108333333333
60.595729166666665
60.9909375
61.386125
61.781333333333336
62.176520833333335
62.571729166666664
62.992916666666666
63.38820833333333
63.783520833333334
64.1788125
64.57410416666667
64.96939583333334
65.3646875
65.79766666666667
66.19295833333334
66.58822916666666
66.9835
67.37877083333333
67.77404166666666
68.16933333333333
68.59758333333333
68.9931875
69.38877083333334
69.78435416666666
70.1799375
70.57552083333333
70.99360416666667
71.389375
71.78516666666667
72.1809375
72.57670833333333
72.97247916666667
73.36825
73.7940625
74.18947916666667
74.584875
74.98029166666667
75.3756875
75.77110416666666
76.1665
76.609125
77.00441666666667
77.39972916666666
77.79502083333334
78.19033333333333
78.585625
78.98091666666667
79.405875
79.8008125
80.19575
80.5906875
80.985625
81.3805625
81.7755
82.20766666666667
82.60279166666666
82.99789583333333
83.39302083333334
83.78814583333333
84.18327083333334
84.578375
85.010375
85.40502083333334
85.7996875
86.19435416666667
86.58902083333334
86.9836875
87.36689583333333
87.76152083333334
88.156125
88.55075
88.94535416666666
89.33997916666667
89.73458333333333
90.21202083333333
90.6068125
91.00160416666667
91.39639583333333
91.7911875
92.18597916666667
92.58077083333333
93.00895833333334
93.40375
93.79854166666667
94.1933125
94.58810416666667
94.98289583333333
95.3776875
95.812375
96.20795833333334
96.60354166666667
96.999125
97.39472916666666
97.7903125
98.18589583333333
98.61570833333333
99.0111875
99.4066875
99.80216666666666
100.19764583333334
100.593125
100.988625
101.37860416666666
101.7739375
102.16927083333333
102.56460416666667
102.95991666666667
103.35525
103.81660416666666
104.21210416666666
104.60760416666666
105.003125
105.398625
105.794125
106.189625
106.61679166666667
107.01260416666666
107.40841666666667
107.80422916666667
108.20004166666666
108.59585416666667
108.99166666666666
109.424625
109.82060416666667
110.21660416666667
110.61258333333333
111.00858333333333
111.4045625
111.8005625
112.2270625
112.6231875
113.0193125
113.41545833333333
113.81158333333333
114.20770833333333
114.60383333333333
115.02983333333333
115.425875
115.82191666666667
116.21795833333333
116.614
117.01004166666667
117.4314375
117.82727083333333
118.22310416666667
118.6189375
119.01477083333333
119.41058333333334
119.80641666666666
120.19675
120.59241666666667
120.98808333333334
121.38375
121.77941666666666
122.1750625
122.57072916666667
122.92664583333334
123.3216875
123.71675
124.11179166666666
124.50685416666667
124.90189583333333
125.2969375
125.68633333333334
126.08104166666666
126.47577083333333
126.87047916666667
127.26520833333333
127.65991666666666
128.054625
128.4435625
128.83783333333332
129.23208333333332
129.62635416666666
130.02060416666666
130.414875
130.80914583333333
131.19816666666668
131.59252083333334
131.98689583333334
132.38125
132.77560416666665
133.16997916666668
133.56433333333334
134.03304166666666
134.42816666666667
134.82329166666668
135.21839583333335
135.61352083333333
136.008625
136.40375
136.79372916666668
137.18904166666667
137.58435416666666
137.97966666666667
138.37497916666666
138.77029166666668
139.16560416666667
139.55545833333332
139.950625
140.3458125
140.74097916666668
141.13614583333333
141.53133333333332
141.9265
142.2499375
142.64502083333332
143.04010416666668
143.4351875
143.83029166666665
144.225375
144.62045833333335
145.0480625
145.44285416666668
145.83764583333334
146.2324375
146.62722916666667
147.02204166666667
147.41683333333333
147.80610416666667
148.2006875
148.59529166666667
148.98989583333332
149.3845
149.77910416666666
150.242625
150.63747916666668
151.03233333333333
151.42720833333334
151.8220625
152.21691666666666
152.61177083333334
153.05102083333333
153.44585416666666
153.84070833333334
154.23554166666668
154.63039583333332
155.02522916666666
155.4200625
155.81235416666667
156.2070625
156.60177083333335
156.99645833333332
157.39116666666666
157.785875
158.18058333333335
158.55860416666667
158.95383333333334
159.34904166666666
159.74425
160.13945833333332
160.53466666666668
160.92989583333335
161.3335625
161.72854166666667
162.1235
162.51845833333334
162.91341666666668
163.30839583333332
163.70335416666666
164.1375625
164.53272916666666
164.92791666666668
165.32308333333333
165.71827083333332
166.1134375
166.508625
166.92135416666667
167.316625
167.71191666666667
168.10720833333335
168.50247916666666
168.89777083333334
169.30079166666667
169.69591666666668
170.09104166666665
170.48616666666666
170.88129166666667
171.27641666666668
171.67154166666666
172.18433333333334
172.5798125
172.97529166666666
173.37077083333332
173.76625
174.16172916666667
174.55720833333334
174.9751875
175.37047916666666
175.76579166666667
176.16110416666666
176.55641666666668
176.95172916666667
177.34704166666666
177.7725
178.168125
178.56375
178.959375
179.355
179.750625
180.14622916666667
180.56579166666666
180.96104166666666
181.35629166666666
181.75154166666667
182.14679166666667
182.54204166666668
182.9588125
183.35404166666666
183.74927083333333
184.1445
184.53972916666666
184.93495833333333
185.3301875
185.75279166666667
186.1478125
186.5428125
186.93783333333334
187.33283333333333
187.72783333333334
188.12285416666666
188.5445625
188.93954166666666
189.3345
189.72947916666666
190.12445833333334
190.5194375
190.91441666666665
191.30414583333334
191.6991875
192.09425
192.48929166666667
192.88435416666667
193.27939583333333
193.67445833333332
194.12470833333333
194.5194375
194.91416666666666
195.30889583333334
195.703625
196.09833333333333
196.4930625
196.91635416666668
197.31122916666666
197.706125
198.101
198.495875
198.89075
199.28564583333332
199.70152083333332
200.096375
200.49122916666667
200.88608333333335
201.2809375
201.67579166666667
202.10077083333334
202.49566666666666
202.89058333333332
203.2855
203.68041666666667
204.07533333333333
204.47025
204.89845833333334
205.29333333333332
205.68820833333334
206.08310416666666
206.47797916666667
206.87285416666666
207.26772916666667
207.68008333333333
208.07483333333334
208.46958333333333
208.8643125
209.2590625
209.6538125
210.04854166666667
210.66970833333335
211.06439583333332
211.4590625
211.85375
212.2484375
212.64310416666666
213.03210416666667
213.4264375
213.82077083333334
214.21508333333333
214.60941666666668
215.00375
215.39808333333335
215.78679166666666
216.18083333333334
216.574875
216.9689375
217.36297916666666
217.75702083333334
218.1510625
218.45845833333334
218.85222916666666
219.24602083333335
219.63979166666667
220.03358333333333
220.42735416666667
220.82114583333333
221.2094375
221.6030625
221.99670833333334
222.39033333333333
222.78395833333335
223.17758333333333
223.57120833333335
224.05895833333332
224.45275
224.84654166666667
225.24033333333333
225.634125
226.02791666666667
226.42170833333333
226.84902083333333
227.243625
227.63820833333332
228.0328125
228.42741666666666
228.822
229.21660416666666
229.60972916666665
230.0081875
230.40664583333333
230.80510416666667
231.2035625
231.60204166666668
232.0005
232.466625
232.86183333333332
233.25704166666668
233.65222916666667
234.0474375
234.44264583333333
234.86679166666667
235.26197916666666
235.65716666666665
236.05235416666667
236.44754166666667
236.84272916666666
237.23791666666668
237.62760416666666
238.02264583333334
238.41766666666666
238.81270833333335
239.20772916666667
239.60277083333332
239.99779166666667
240.46977083333334
240.86477083333332
241.25977083333333
241.65477083333334
242.04975
242.44475
242.83975
243.26502083333332
243.66033333333334
244.05564583333333
244.45095833333335
244.84629166666667
245.24160416666666
245.63691666666668
246.07022916666668
246.46547916666665
246.86070833333332
247.25595833333333
247.65120833333333
248.0464375
248.4416875
248.8315625
249.22675
249.62195833333334
250.01716666666667
250.41235416666666
250.8075625
251.2825625
251.67764583333334
252.07272916666668
252.4678125
252.86289583333334
253.25797916666667
253.6530625
254.18979166666668
254.585125
254.98045833333333
255.37579166666666
255.771125
256.1664583333333
256.5617916666667
256.8834791666667
257.27858333333336
257.6736875
258.06879166666664
258.4638958333333
258.859
259.25410416666665
259.6437916666667
260.03883333333334
260.43385416666666
260.828875
261.22391666666664
261.6189375
262.01395833333333
262.40360416666664
262.79858333333334
263.19354166666665
263.58852083333335
263.98347916666665
264.37845833333336
264.77341666666666
265.16270833333334
265.55733333333336
265.9519583333333
266.3465625
266.7411875
267.1358125
267.53041666666667
267.9198958333333
268.3146875
268.7095
269.10429166666665
269.49910416666665
269.8938958333333
270.2887083333333
270.67802083333333
271.0726666666667
271.4673125
271.86195833333335
272.25660416666665
272.65125
273.08479166666666
273.47964583333334
273.8745
274.2693541666667
274.6641875
275.05904166666664
275.4538958333333
275.99783333333335
276.3931666666667
276.78847916666666
277.1838125
277.579125
277.97445833333336
278.3697916666667
278.88702083333334
279.2827291666667
279.6784583333333
280.07416666666666
280.469875
280.86558333333335
281.29525
281.69104166666665
282.08683333333335
282.482625
282.8784166666667
283.2741875
283.6699791666667
284.0969375
284.4929583333333
284.8889791666667
285.2849791666667
285.681
286.07702083333334
286.4730416666667
286.8991458333333
287.29520833333333
287.6912708333333
288.08733333333333
288.48341666666664
288.87947916666667
289.27554166666664
289.7013958333333
290.0974791666667
290.49354166666666
290.889625
291.2856875
291.68177083333336
292.07785416666667
292.5029166666667
292.89916666666664
293.29541666666665
293.69166666666666
294.0879166666667
294.4841666666667
294.8804166666667
295.2712916666667
295.6675
296.06370833333335
296.4599166666667
296.856125
297.25233333333335
298.0099375
298.4062083333333
298.80247916666667
299.19875
299.5950208333333
299.99129166666665
300.41433333333333
300.8106666666667
301.207
301.6033541666667
301.9996875
302.3960416666667
302.792375
303.2152291666667
303.61154166666665
304.0078541666667
304.40416666666664
304.80047916666666
305.1968125
305.593125
305.92454166666664
306.3209166666667
306.7172708333333
307.11364583333335
307.51002083333333
307.9063958333333
308.30275
308.7195625
309.1159375
309.51233333333334
309.9087083333333
310.3051041666667
310.7014791666667
311.09785416666665
311.5233125
311.9195833333333
312.315875
312.7121666666667
313.1084375
313.50472916666666
313.901
314.5173541666667
314.9133125
315.30927083333336
315.70525
316.1012083333333
316.49716666666666
316.9223333333333
317.3186666666667
317.715
318.11133333333333
318.5076666666667
318.904
319.30033333333336
319.726375
320.12272916666666
320.5191041666667
320.91547916666667
321.3118333333333
321.70820833333335
322.1045833333333
322.52514583333334
322.9214583333333
323.31779166666666
323.7141041666667
324.11041666666665
324.5067291666667
324.90304166666664
325.3135833333333
325.70983333333334
326.10608333333334
326.50233333333335
326.8985833333333
327.2948333333333
327.72904166666666
328.12522916666666
328.52141666666665
328.917625
329.3138125
329.71
330.1062083333333
330.531
330.9272291666667
331.32345833333335
331.7196875
332.1159166666667
332.512125
332.90835416666664
333.3343125
333.7306875
334.1270625
334.5234375
334.9198125
335.3161666666667
335.71254166666665
336.136375
336.5328125
336.9292708333333
337.3257291666667
337.7221875
338.11864583333335
338.5151041666667
338.93847916666664
339.3349166666667
339.7313541666667
340.1278125
340.52425
340.9206875
341.34133333333335
341.73783333333336
342.13433333333336
342.5308333333333
342.92735416666665
343.32385416666665
343.72035416666665
344.13972916666665
344.5361458333333
344.9325416666667
345.32895833333333
345.72535416666665
346.12175
346.5181666666667
346.9506875
347.34822916666667
347.7457708333333
348.1433125
348.5408541666667
348.93839583333335
349.33591666666666
349.7445833333333
350.141375
