1.5317913832199546
1.7938321995464852
2.0558956916099773
2.3179591836734694
2.5800226757369615
2.842063492063492
3.237619047619048
3.4987981859410433
3.7599546485260773
4.021133786848073
4.282290249433107
4.825283446712018
5.3500226757369616
5.874784580498866
6.673265306122449
7.198208616780045
7.734489795918368
8.259727891156462
8.784965986394559
9.318208616780046
9.842789115646259
10.367392290249434
10.892267573696145
11.416848072562358
11.958004535147392
12.482380952380952
13.006757369614512
13.545691609977323
14.070181405895692
14.594671201814059
15.13374149659864
15.658185941043083
16.18265306122449
16.715804988662132
17.240272108843538
17.764716553287982
18.303537414965987
18.828095238095237
19.359682539682538
19.88419501133787
20.408707482993197
20.92641723356009
21.45015873015873
21.97390022675737
22.52401360544218
23.04780045351474
23.571609977324265
24.11027210884354
24.634126984126983
25.15798185941043
25.69909297052154
26.223560090702946
26.75174603174603
27.27589569160998
27.800045351473923
28.339818594104308
28.864126984126983
29.388412698412697
29.92467120181406
30.448662131519274
30.972675736961452
31.510430839002268
32.034625850340134
32.55882086167801
33.091360544217686
33.61530612244898
34.13925170068027
34.669410430839
35.19387755102041
35.739659863945576
36.26421768707483
36.78875283446712
37.32675736961451
37.85122448979592
38.37569160997732
38.912063492063496
39.4362358276644
39.96043083900227
40.49625850340136
41.02065759637188
41.54507936507937
42.07589569160998
42.59988662131519
43.138163265306126
43.66249433106576
44.1868253968254
44.72065759637188
45.24501133786848
45.769342403628116
46.30904761904762
46.833560090702946
47.358072562358274
47.89342403628118
48.41727891156462
48.941156462585035
49.481179138322
50.004716553287984
50.538979591836735
51.06265306122449
51.586349206349205
52.125850340136054
52.64981859410431
53.17378684807256
53.708934240362815
54.232743764172334
54.75655328798186
55.29140589569161
55.81503401360544
56.33866213151927
56.877437641723354
57.40061224489796
57.923809523809524
58.727596371882086
59.25074829931973
59.78503401360544
60.30809523809524
60.83117913832199
61.372244897959185
61.895873015873015
62.42907029478458
62.95326530612245
63.47746031746032
64.01244897959184
64.5365306122449
65.06063492063493
65.59936507936509
66.12378684807257
66.64820861678004
67.18539682539682
67.70963718820862
68.23385487528344
68.76321995464852
69.287641723356
69.81206349206349
70.62439909297052
71.14873015873016
71.67827664399093
72.20269841269841
72.72709750566894
73.26392290249433
73.78832199546486
74.32183673469387
74.84641723356009
75.37097505668935
75.90741496598639
76.43192743764172
76.95643990929705
77.49183673469388
78.01668934240362
78.54154195011338
79.0778231292517
79.60222222222222
80.12662131519275
80.66299319727891
81.18741496598639
81.72235827664399
82.24657596371883
82.77079365079365
83.30668934240363
83.83122448979591
84.35578231292517
84.89242630385488
85.4169387755102
85.94145124716553
86.47900226757369
87.00367346938775
87.52834467120181
88.06390022675737
88.58836734693878
89.11281179138322
89.64895691609978
90.17324263038549
90.70619047619047
91.23
91.75383219954648
92.28684807256236
92.81043083900227
93.33401360544218
94.13532879818594
94.6588888888889
95.1975283446712
95.72126984126984
96.24501133786848
96.78539682539683
97.30891156462584
97.83244897959183
98.36956916099773
98.89310657596371
99.41666666666667
99.95639455782313
100.47961451247166
101.00285714285714
101.54176870748299
102.06512471655329
102.85639455782312
103.37981859410431
103.90321995464852
104.44083900226758
104.96471655328799
105.50433106575964
106.02807256235828
106.55181405895692
107.06954648526077
107.59308390022676
108.11662131519275
108.67412698412699
109.1975283446712
109.72095238095238
110.25727891156463
110.78081632653061
111.30433106575964
111.8463492063492
112.37022675736961
112.89408163265306
113.42632653061224
113.95006802721089
114.4821768707483
115.00562358276645
115.52907029478457
116.07410430839002
116.5972335600907
117.12036281179138
117.65993197278911
118.18292517006803
118.70591836734694
119.24573696145124
119.76902494331065
120.29233560090702
120.82938775510205
121.35321995464852
121.88714285714286
122.41122448979591
122.93530612244898
123.47292517006802
123.99716553287982
124.52142857142857
125.05786848072562
125.5821768707483
126.10650793650794
126.64378684807257
127.16836734693878
127.692947845805
128.23108843537415
128.7558276643991
129.28918367346938
129.81412698412697
130.3390702947846
130.8695238095238
131.39385487528344
131.91816326530613
132.46081632653062
132.9853514739229
133.50990929705216
134.0446485260771
134.5690022675737
135.0933560090703
135.63174603174602
136.15637188208618
136.6809977324263
137.20897959183674
137.73369614512472
138.26462585034014
138.78841269841269
139.31219954648526
139.8455782312925
140.36927437641722
140.8929931972789
141.43390022675737
141.95718820861677
142.4804761904762
143.0187528344671
143.54272108843537
144.06668934240363
144.6057142857143
145.13020408163266
145.6642403628118
146.18861678004535
146.71301587301588
147.24909297052153
147.77344671201814
148.2978231292517
148.83351473922903
149.35777777777778
149.88201814058957
150.4184807256236
150.94297052154195
151.46743764172336
152.00469387755103
152.52909297052153
153.06190476190477
153.5866439909297
154.11138321995466
154.64632653061224
155.17111111111112
155.69591836734693
156.23668934240362
156.7615873015873
157.28648526077097
157.81780045351474
158.3425396825397
158.86727891156463
159.40655328798186
159.93108843537414
160.45562358276644
160.9857596371882
161.51004535147393
162.04639455782313
162.57072562358277
163.0950566893424
163.63321995464852
164.15759637188208
164.68197278911563
165.21396825396826
165.73798185941044
166.26199546485262
166.80204081632652
167.3259410430839
167.84984126984128
168.38521541950112
168.90884353741495
169.4408843537415
169.96478458049887
170.48868480725625
171.02859410430838
171.55258503401362
172.07657596371882
172.61380952380952
173.1375963718821
173.66138321995464
174.19909297052155
174.7227664399093
175.24643990929704
175.77877551020407
176.30197278911564
176.8417006802721
177.36519274376417
177.8887074829932
178.42072562358277
178.9443990929705
179.46804988662132
180.01020408163265
180.5344217687075
181.05866213151927
181.59836734693877
182.12235827664398
182.6463492063492
183.1829931972789
183.707052154195
184.23108843537415
184.76263038548754
185.2865306122449
185.82496598639455
186.34879818594104
186.8726530612245
187.41607709750568
187.9402267573696
188.4643537414966
188.99761904761905
189.52181405895692
190.0460090702948
190.57895691609977
191.10299319727892
191.6270068027211
192.1677097505669
192.69124716553287
193.22380952380954
193.7473469387755
194.2708843537415
194.80612244897958
195.32990929705215
195.85367346938776
196.40115646258502
196.92580498866212
197.4504761904762
197.98380952380953
198.50854875283446
199.03328798185942
199.57244897959183
200.09727891156462
200.62873015873015
201.1530612244898
201.67739229024943
202.21247165532878
202.7367120181406
203.26092970521543
203.80131519274377
204.3257596371882
204.85018140589568
205.38374149659865
205.9080045351474
206.43226757369615
206.9725396825397
207.49700680272107
208.0214739229025
208.81920634920635
209.34401360544217
209.87462585034012
210.39895691609976
