2.912333333333333
3.20675
3.5011875
3.795625
4.0900625
4.3845
4.678916666666667
4.973354166666667
5.267791666666667
5.740104166666667
6.154520833333334
6.568958333333334
6.983375
7.3977916666666665
7.812208333333333
8.5061875
8.993458333333333
9.480729166666666
9.968020833333334
10.455291666666668
11.372083333333334
11.858416666666667
12.34475
12.831104166666666
13.3174375
13.756583333333333
14.23875
14.720916666666668
15.203104166666666
15.685270833333334
16.1674375
16.637645833333334
17.1131875
17.588729166666667
18.06425
18.539791666666666
19.015333333333334
19.466083333333334
19.9416875
20.417270833333333
20.892854166666666
21.368458333333333
21.862833333333334
22.3386875
22.814520833333333
23.290375
23.766229166666665
24.242083333333333
24.735020833333333
25.210395833333333
25.685770833333333
26.161145833333332
26.6365
27.111875
27.6085625
28.084145833333334
28.55975
29.035333333333334
29.510916666666667
29.986520833333334
30.681291666666667
31.156541666666666
31.631770833333334
32.10702083333333
32.58227083333333
33.0645625
33.539770833333336
34.01497916666667
34.49016666666667
34.965375
35.440583333333336
35.942229166666664
36.417791666666666
36.89335416666667
37.3689375
37.8445
38.304208333333335
38.779291666666666
39.254375
39.729479166666664
40.2045625
40.67964583333333
41.177770833333334
41.6521875
42.126625
42.60104166666667
43.07545833333333
43.54989583333333
44.015625
44.48925
44.962875
45.436479166666665
45.91010416666666
46.38372916666667
46.86354166666667
47.33775
47.81197916666667
48.2861875
48.760416666666664
49.233291666666666
49.70772916666667
50.1821875
50.656625
51.1310625
51.60552083333334
52.100125
52.57395833333333
53.0478125
53.52166666666667
53.9955
54.46935416666667
54.9375625
55.411125
55.88466666666667
56.35822916666667
56.83177083333333
57.30533333333333
57.77491666666667
58.249833333333335
58.72475
59.1996875
59.67460416666667
60.275958333333335
60.75202083333333
61.22810416666667
61.704166666666666
62.18025
62.656333333333336
63.121875
63.598416666666665
64.07495833333333
64.5515
65.02804166666667
65.50458333333333
66.211125
66.68604166666667
67.1609375
67.63583333333334
68.11072916666667
68.574875
69.04870833333334
69.52252083333333
69.99635416666666
70.4701875
70.944
71.65904166666667
72.13254166666667
72.60604166666667
73.07954166666667
73.55304166666667
73.8475
74.32166666666667
74.79583333333333
75.27
75.74416666666667
76.21833333333333
76.71895833333333
77.19354166666666
77.66810416666667
78.1426875
78.61727083333334
79.09185416666666
79.56958333333333
80.04525
80.52089583333333
80.9965625
81.47222916666666
81.9381875
82.41347916666666
82.88877083333334
83.3640625
83.839375
84.31466666666667
84.76433333333334
85.23877083333333
85.71320833333333
86.18766666666667
86.66210416666667
87.1365625
87.60227083333334
88.075
88.54772916666667
89.0204375
89.49316666666667
89.96589583333333
90.44397916666667
90.91535416666666
91.38672916666667
91.85810416666666
92.3295
92.800875
93.52802083333333
94.0
94.47197916666667
94.94395833333333
95.4159375
95.88085416666667
96.3528125
96.82479166666667
97.29677083333333
97.76875
98.24072916666667
98.70714583333333
99.17866666666667
99.65020833333334
100.12172916666667
100.59325
101.07260416666666
101.54410416666667
102.015625
102.487125
102.95864583333334
103.43014583333333
103.92304166666666
104.39433333333334
104.865625
105.33691666666667
105.80820833333334
106.27947916666666
106.73047916666667
107.20145833333333
107.6724375
108.14341666666667
108.61439583333333
109.085375
109.54375
110.0141875
110.484625
110.95504166666667
111.42547916666666
111.89589583333333
112.36079166666667
112.831
113.30122916666667
113.7714375
114.24166666666666
114.70658333333333
115.17685416666667
115.64710416666667
116.11735416666667
116.58760416666667
117.057875
117.7175
118.19514583333333
118.67279166666667
119.15041666666667
119.6280625
120.10570833333334
120.54652083333333
121.02097916666666
121.49545833333333
121.96991666666666
122.44439583333333
123.07745833333334
123.5496875
124.02191666666667
124.49414583333333
124.96639583333334
125.438625
125.92945833333333
126.40108333333333
126.8726875
127.3443125
127.81591666666667
128.28754166666667
128.7705
129.24233333333333
129.71416666666667
130.18602083333334
130.65785416666668
131.0736875
131.54714583333333
132.02060416666666
132.49404166666667
132.9675
133.44095833333333
133.98691666666667
134.4623125
134.9376875
135.41308333333333
135.88845833333335
136.36385416666667
136.8335
137.309125
137.78472916666666
138.26033333333334
138.73595833333334
139.2115625
139.6533125
140.12775
140.6021875
141.076625
141.5510625
141.97602083333334
142.44995833333334
142.92391666666666
143.397875
143.8718125
144.34577083333335
144.81945833333333
145.29295833333333
145.76647916666667
146.24
146.7135
147.18702083333332
147.84197916666668
148.3160625
148.79014583333333
149.26422916666667
149.73833333333334
150.39710416666668
150.87164583333333
151.34616666666668
151.8206875
152.29520833333333
152.76975
153.25391666666667
153.72852083333333
154.203125
154.67772916666667
155.15233333333333
155.64666666666668
156.1214375
156.59622916666666
157.07102083333334
157.5458125
158.02060416666666
158.49079166666667
158.96516666666668
159.43954166666666
159.91391666666667
160.3883125
160.8626875
161.315375
161.78839583333334
162.26141666666666
162.73441666666668
163.2074375
163.68045833333332
164.17922916666666
164.65252083333334
165.12583333333333
165.599125
166.07241666666667
166.77960416666667
167.25270833333335
167.72579166666668
168.19889583333332
168.672
169.14508333333333
169.61291666666668
170.08608333333333
170.55922916666665
171.03239583333334
171.5055625
171.97872916666665
172.68260416666666
173.15589583333335
173.62920833333334
174.1025
174.5758125
175.05822916666668
175.53229166666668
176.00633333333334
176.48039583333335
176.95445833333332
177.42852083333332
177.82197916666667
178.29645833333333
178.77091666666666
179.24539583333333
179.719875
180.19433333333333
180.664375
181.13972916666665
181.61508333333333
182.0904375
182.56579166666666
183.08110416666668
183.55722916666667
184.03335416666667
184.50947916666667
184.98560416666666
185.46172916666666
185.88216666666668
186.35814583333334
186.83414583333334
187.310125
187.78610416666666
188.26210416666666
188.66072916666667
189.13570833333333
189.6106875
190.0856875
190.56066666666666
191.03566666666666
191.42422916666666
191.89885416666667
192.3735
192.84814583333332
193.32279166666666
193.7974375
194.26775
194.743375
195.21902083333333
195.69466666666668
196.1703125
196.641375
197.11777083333334
197.59416666666667
198.07058333333333
198.54697916666666
199.023375
199.49466666666666
199.9713125
200.4479375
200.9245625
201.40120833333333
201.87783333333334
202.34925
202.82597916666666
203.30272916666667
203.77947916666668
204.25620833333332
204.73295833333333
205.20433333333332
205.68104166666666
206.15777083333333
206.63447916666667
207.1111875
207.58245833333334
208.0590625
208.53566666666666
209.01225
209.48885416666667
209.96545833333334
210.4674375
210.9439375
211.4204375
211.8969375
212.3734375
212.84991666666667
213.32110416666666
213.797625
