2.813
3.179708333333333
3.5464166666666666
3.913125
4.279833333333333
4.6465625
5.013270833333333
5.379979166666667
5.763354166666667
6.129104166666667
6.494854166666666
6.860604166666667
7.226354166666667
7.592104166666667
7.9578541666666665
8.702354166666666
9.435708333333332
10.169083333333333
10.923833333333333
11.6576875
12.391520833333333
13.125375
14.243166666666667
14.977625
15.712083333333334
16.4585625
17.192854166666667
17.927145833333334
18.661458333333332
19.3835
20.117229166666668
20.850979166666665
21.584729166666666
22.33575
23.0691875
23.802645833333333
24.536083333333334
24.934291666666667
25.300458333333335
25.666625
26.032791666666668
26.3989375
26.765104166666667
27.131270833333332
27.516041666666666
27.880416666666665
28.244770833333334
28.609145833333333
28.9735
29.337875
29.702229166666665
30.092395833333335
30.456520833333332
30.820625
31.18475
31.548875
31.913
32.27710416666667
32.64122916666667
33.0368125
33.400979166666666
33.765166666666666
34.129333333333335
34.493520833333335
34.8576875
35.221875
35.62425
35.98833333333334
36.35241666666667
36.7165
37.08058333333334
37.44466666666667
37.80875
38.17283333333334
38.655625
39.14375
39.631875
40.12
40.608125
41.088875
41.5749375
42.06102083333333
42.54708333333333
43.033166666666666
43.51922916666667
43.8550625
44.341125
44.8271875
45.313270833333334
45.79933333333334
46.28539583333333
46.778125
47.26441666666667
47.750708333333336
48.237
48.72327083333333
49.236958333333334
49.72335416666667
50.20975
50.69616666666667
51.1825625
51.668958333333336
52.216375
52.95127083333333
53.686166666666665
54.4210625
55.16314583333333
55.89689583333333
56.630625
57.37622916666667
58.110145833333334
58.8440625
59.577979166666665
60.317229166666664
61.0506875
61.784166666666664
62.517625
63.2645
63.997791666666664
64.73110416666667
65.46441666666666
66.19460416666666
66.9273125
67.66
68.41564583333333
68.78225
69.14885416666667
69.51547916666667
69.88208333333333
70.2486875
70.6153125
70.98810416666667
71.352
71.71589583333333
72.0798125
72.44370833333333
72.80760416666666
73.1715
73.53539583333334
73.95466666666667
74.31910416666666
74.68352083333333
75.04795833333333
75.412375
75.7768125
76.14122916666666
76.52797916666667
76.89210416666667
77.25620833333333
77.62033333333333
77.9844375
78.34854166666666
78.71266666666666
79.07677083333333
79.4808125
79.84522916666667
80.209625
80.57402083333334
80.9384375
81.30283333333334
81.66722916666667
82.0424375
82.40675
82.77108333333334
83.13541666666667
83.49972916666667
83.8640625
84.228375
84.59270833333333
84.9516875
85.316
85.68029166666666
86.04460416666667
86.40891666666667
86.77322916666667
87.13752083333334
87.5929375
87.95695833333333
88.32097916666666
88.685
89.04902083333333
89.41302083333333
89.77704166666666
90.1821875
90.545875
90.90958333333333
91.27327083333333
91.63697916666666
92.00066666666666
92.364375
92.7280625
93.12408333333333
93.48775
93.85139583333333
94.2150625
94.57870833333334
94.942375
95.30602083333333
95.7039375
96.0675
96.43108333333333
96.79464583333333
97.15822916666667
97.52179166666667
97.885375
98.24895833333333
98.90416666666667
99.3935625
99.8829375
100.37233333333333
100.86170833333334
101.36195833333333
101.8485625
102.33516666666667
102.82177083333333
103.30835416666666
103.78664583333334
104.27325
104.75983333333333
105.2464375
105.73302083333333
106.219625
106.7604375
107.24747916666666
107.73452083333333
108.22158333333333
108.708625
109.19566666666667
109.95875
110.44597916666666
110.93322916666666
111.42045833333333
111.90770833333333
112.65139583333334
113.3863125
114.12122916666667
114.872375
115.60595833333333
116.33954166666666
117.073125
117.82791666666667
118.5613125
119.29472916666667
120.028125
120.7618125
121.49472916666667
122.22764583333333
122.960125
123.69316666666667
124.42620833333334
125.15925
125.92241666666666
126.654625
127.38685416666667
128.1190625
128.86291666666668
129.59689583333332
130.33085416666665
131.32220833333332
131.68864583333334
132.0550625
132.4215
132.78791666666666
133.15433333333334
133.52077083333333
133.88958333333332
134.25360416666666
134.61764583333334
134.9816875
135.34572916666667
135.70975
136.07379166666666
136.43783333333334
136.79689583333334
137.16129166666667
137.5256875
137.8900625
138.25445833333333
138.61885416666667
138.98325
139.432125
139.7955
140.158875
140.52222916666668
140.88560416666667
141.24897916666666
141.61233333333334
142.034625
142.39897916666666
142.76335416666666
143.12772916666665
143.49210416666668
143.85647916666667
144.22085416666667
144.58522916666666
144.94572916666667
145.31016666666667
145.674625
146.0390625
146.40352083333335
146.76795833333333
147.13239583333333
147.66308333333333
148.027625
148.39214583333333
148.7566875
149.12120833333333
149.48575
149.85027083333333
150.25929166666666
150.6238125
150.98833333333334
151.352875
151.71739583333334
152.08191666666667
152.44645833333334
152.81097916666667
153.2224375
153.58614583333335
153.94985416666665
154.31358333333333
154.67729166666666
155.041
155.40470833333333
155.79739583333333
156.1604375
156.52347916666668
156.88652083333332
157.2495625
157.61258333333333
157.975625
158.33866666666665
158.7101875
159.0736875
159.43720833333333
159.80072916666666
160.16425
160.52777083333334
160.89129166666666
161.33291666666668
161.69952083333334
162.066125
162.43275
162.79935416666666
163.16595833333332
163.53258333333332
163.91029166666667
164.2741875
164.63810416666666
165.002
165.36591666666666
165.7298125
166.09372916666666
166.457625
166.8441875
167.2088125
167.5734375
167.9380625
168.3026875
168.66733333333335
169.03195833333334
169.43583333333333
169.8001875
170.16454166666668
170.528875
170.89322916666666
171.25758333333334
171.62191666666666
171.98627083333332
173.12808333333334
173.86283333333333
174.59758333333335
175.34058333333334
176.07320833333333
176.80583333333334
177.54877083333332
178.2815
179.01425
179.747
180.473
180.83866666666665
181.20433333333332
181.57002083333333
181.9356875
182.30135416666667
182.66702083333334
183.06833333333333
183.43154166666667
183.79475
184.15795833333334
184.52116666666666
184.884375
185.24760416666666
185.6108125
185.99739583333334
186.36035416666667
186.7233125
187.08627083333334
187.44920833333333
187.81216666666666
188.175125
188.53325
188.89672916666666
189.2601875
189.62364583333334
189.987125
190.35058333333333
190.71404166666667
191.07752083333332
191.43577083333332
191.79935416666666
192.1629375
192.52652083333334
192.89010416666667
193.2536875
193.61727083333332
194.12616666666668
194.4898125
194.8534375
195.2170625
195.58070833333332
195.94433333333333
196.30795833333335
196.72027083333333
197.08670833333332
197.45314583333334
197.81960416666666
198.18604166666665
198.55247916666667
198.9189375
199.285375
199.51847916666668
199.88220833333332
200.24595833333333
200.6096875
200.9734375
201.33716666666666
201.70089583333333
202.22770833333334
202.591625
202.95554166666668
203.3194375
203.68335416666667
204.04725
204.41116666666667
204.81820833333333
205.1819375
205.54566666666668
205.90939583333332
206.273125
206.63685416666667
207.00058333333334
207.3643125
207.77389583333334
208.13802083333334
208.50214583333334
208.86629166666665
209.23041666666666
209.59454166666666
209.9586875
210.35970833333334
210.72375
211.08779166666667
211.45183333333333
211.81589583333334
212.1799375
212.54397916666667
212.90802083333332
213.26664583333334
213.63060416666667
213.99454166666666
214.3585
214.7224375
215.08639583333334
215.45035416666667
215.88464583333334
216.24866666666668
216.6126875
216.97670833333333
217.34075
217.70477083333333
218.06879166666667
218.46204166666666
218.82591666666667
219.18979166666668
219.55366666666666
219.91754166666666
220.28139583333333
220.64527083333334
221.00914583333332
221.3939375
221.758125
222.1223125
222.4865
222.85066666666665
223.21485416666667
223.57904166666665
223.99297916666666
224.35708333333332
224.7211875
225.08529166666668
225.449375
225.81347916666667
226.17758333333333
226.5416875
226.9505625
227.31722916666666
227.68389583333334
228.0505625
228.41722916666666
228.78389583333333
229.1505625
229.527625
229.8918125
230.25602083333334
230.62020833333332
